tests/Lakes/input/data20191001/wind_ninja_data/topo_windninja_topo_10-01-2019_0000_50m_vel.asc
ncols	157
nrows	169
xllcorner	319975.000000
yllcorner	4158275.000000
cellsize	50.000000
NODATA_value	-9999.000000
[rows 111 to 147 of 169, columns 0 to 82 of 157]
3.43 3.53 3.45 3.46 3.67 3.68 3.90 3.71 3.58 3.52 3.92 3.96 4.02 4.15 4.17 4.11 4.13 5.01 5.13 5.11 4.94 4.94 5.88 7.31 8.02 7.72 7.30 7.27 7.38 7.40 7.60 8.08 8.49 8.76 9.01 9.19 9.50 9.98 10.27 10.78 11.40 12.33 13.97 15.32 16.46 16.75 13.11 5.00 4.26 6.53 8.56 7.24 3.84 3.83 3.65 4.20 5.23 6.34 7.07 6.92 6.20 5.94 6.45 7.06 6.75 6.30 6.29 6.39 6.26 6.31 6.99 7.19 7.05 7.61 8.34 8.05 7.89 7.92 7.61 7.49 7.76 7.52 6.57
3.38 3.53 3.50 3.48 3.69 3.69 3.63 3.61 3.55 3.87 3.54 3.59 3.70 3.82 4.12 4.10 4.81 5.07 5.14 5.10 5.00 5.04 5.78 6.92 7.38 7.10 6.39 6.79 6.93 7.04 7.24 7.67 8.08 8.32 8.54 8.71 9.07 9.54 9.62 10.07 10.61 11.40 12.22 13.70 15.14 16.78 17.50 11.17 4.53 5.25 8.54 8.89 5.87 4.41 3.83 4.79 5.72 6.56 6.75 6.79 6.56 6.57 6.97 7.15 6.65 6.09 5.94 5.98 6.11 6.38 6.80 5.07 6.32 6.76 7.85 8.14 8.11 9.42 6.85 6.61 7.06 7.35 7.54
3.32 3.52 3.58 3.56 4.00 3.69 3.59 3.72 3.53 3.56 3.58 3.60 3.68 3.79 4.11 4.14 4.94 5.03 5.02 4.98 5.03 5.18 5.83 6.72 5.91 6.45 5.87 6.24 6.36 6.49 6.82 7.34 7.71 7.98 8.22 8.47 8.81 8.88 9.08 9.40 9.83 10.53 11.20 11.84 12.74 14.71 18.26 17.30 10.00 6.68 8.31 8.93 7.32 5.93 4.63 5.52 6.11 6.76 6.81 6.68 6.81 6.78 6.91 6.70 6.60 6.20 5.98 5.98 6.24 6.58 6.57 5.07 5.41 6.26 7.20 7.82 8.19 7.72 8.90 8.42 6.05 6.48 6.90
3.26 3.53 3.68 3.64 3.69 3.65 3.60 3.57 3.57 3.61 3.63 3.63 3.67 4.04 4.16 4.91 5.01 4.94 4.82 4.85 4.98 5.31 5.95 6.57 6.36 5.73 5.54 5.65 5.79 5.94 6.41 7.09 7.52 7.83 8.02 8.29 8.26 8.55 8.74 8.92 9.29 9.72 10.56 11.01 11.39 11.97 14.74 18.13 16.87 13.36 10.45 9.20 7.74 6.44 5.64 6.13 5.77 7.05 7.06 6.89 6.80 6.42 6.31 6.31 6.42 6.46 6.20 6.12 6.22 6.24 5.05 5.26 5.43 6.97 6.87 7.41 8.01 7.97 8.91 7.80 5.24 5.49 6.11
3.16 3.52 3.78 3.70 3.66 3.56 3.58 3.60 3.61 3.63 3.64 3.63 3.68 4.08 4.25 4.97 4.92 4.73 4.67 4.83 5.06 5.56 6.14 6.34 5.43 4.71 4.91 5.15 5.27 5.35 5.79 6.48 7.08 7.55 7.86 8.11 8.05 8.26 8.42 8.54 8.81 9.28 9.56 9.90 10.35 10.70 11.68 14.18 17.27 17.00 15.86 12.93 9.61 7.59 6.39 5.71 6.76 7.09 6.61 7.11 6.84 6.48 6.07 6.22 4.27 6.96 6.11 5.55 3.50 4.17 4.89 5.29 6.84 6.76 6.87 7.16 7.61 7.87 6.67 7.75 4.73 5.15 7.20
3.00 3.47 3.85 3.74 3.64 3.46 3.54 3.61 3.63 3.64 3.63 3.62 3.69 4.12 4.28 4.37 4.30 4.18 4.72 5.03 5.43 6.01 6.35 5.84 4.22 3.97 4.29 4.69 4.85 4.92 5.29 5.82 6.39 6.84 7.30 7.42 7.85 8.00 8.09 8.29 8.63 8.63 8.78 9.00 9.39 10.00 10.31 11.12 12.94 15.88 18.33 17.08 14.95 11.49 8.32 6.61 6.32 6.56 7.60 7.50 7.10 6.52 5.84 5.42 5.78 6.36 6.08 5.20 4.75 3.76 4.56 5.03 5.46 6.24 7.05 7.16 7.31 7.62 6.79 5.39 7.22 6.92 6.35
2.87 3.40 3.85 3.76 3.61 3.40 3.55 3.66 3.65 3.66 3.62 3.64 3.74 4.18 4.29 4.38 4.36 4.79 4.97 5.35 5.81 6.46 6.57 4.60 3.66 3.13 3.58 4.19 4.55 4.70 5.10 5.53 5.95 6.23 6.51 7.09 7.44 7.76 7.84 8.24 8.09 8.14 8.35 8.60 8.78 9.34 9.86 10.08 11.01 12.62 14.82 17.41 17.37 16.12 12.29 8.71 7.72 7.31 7.83 7.95 6.16 6.09 5.47 4.83 5.20 5.95 6.03 5.06 4.93 4.95 4.11 5.64 5.24 6.11 7.09 7.24 7.16 7.40 6.85 8.23 7.47 6.69 5.61
2.86 3.40 3.82 3.77 3.55 3.28 3.49 3.68 3.66 3.65 3.59 3.96 4.07 4.22 4.26 4.88 4.88 4.91 5.23 5.71 6.31 6.99 6.55 4.81 3.49 2.60 2.79 3.53 4.18 4.52 4.94 5.29 5.60 5.90 6.04 6.44 6.76 7.37 7.76 7.55 7.33 7.55 7.96 8.29 8.54 8.82 9.48 9.88 10.07 10.74 11.86 13.90 16.71 17.63 16.36 12.91 10.36 8.55 7.64 6.99 5.74 5.90 5.62 5.07 5.08 5.81 5.80 5.13 4.61 4.60 4.77 4.33 5.09 5.94 6.90 7.11 6.96 7.15 9.00 8.45 7.57 6.75 5.53
2.92 3.45 3.82 3.76 3.54 3.16 3.37 3.63 3.60 3.57 3.90 3.87 4.00 4.13 4.16 4.75 4.81 4.98 5.38 6.04 7.02 7.27 6.71 5.40 3.81 2.63 2.36 2.90 3.69 4.26 4.60 4.91 5.28 5.65 5.90 5.64 6.26 7.11 7.11 6.60 6.34 6.67 7.36 7.93 8.27 8.45 8.79 9.45 9.76 9.92 10.32 11.48 13.87 16.57 17.18 16.54 14.25 10.41 7.86 6.57 6.76 6.18 5.80 5.66 5.22 5.42 5.77 5.35 4.58 4.28 4.44 4.01 4.53 5.77 7.25 8.14 8.28 8.71 8.67 8.29 7.47 6.23 5.72
2.93 3.50 3.85 3.77 3.65 3.17 3.27 3.57 3.51 3.43 3.37 3.76 3.89 4.02 4.61 4.69 4.81 5.07 5.38 5.84 6.53 7.18 7.37 6.09 4.31 2.98 2.47 2.61 3.19 3.88 4.19 4.54 4.98 5.39 5.73 5.55 6.42 6.59 6.31 5.82 5.52 5.99 6.65 7.45 7.88 8.15 8.40 8.85 9.41 9.63 9.73 10.27 11.53 13.65 15.65 17.09 17.13 13.25 8.12 6.81 5.94 6.38 5.68 5.54 5.61 5.32 5.79 5.79 5.02 4.37 4.07 4.50 5.22 6.42 7.18 7.61 7.77 7.94 8.01 7.85 7.20 6.89 6.36
2.91 3.48 3.82 3.80 3.83 3.29 3.24 3.56 3.45 3.29 3.25 3.66 3.78 3.88 4.50 4.60 4.78 4.94 5.16 5.51 6.01 6.99 7.90 6.60 4.77 3.38 2.73 2.68 3.11 3.41 3.59 4.38 4.72 5.16 5.47 5.83 6.39 6.39 5.95 5.49 5.31 5.87 6.28 6.90 7.41 7.74 8.20 8.69 8.92 9.21 9.41 9.74 10.26 11.47 13.32 16.11 18.31 16.21 9.42 7.22 6.80 6.90 6.00 5.41 5.29 5.77 6.34 6.31 5.49 4.71 4.43 4.78 5.53 6.47 7.14 7.50 7.40 7.23 7.29 7.05 6.77 7.29 6.59
3.02 3.46 3.70 3.81 3.97 3.47 3.33 3.60 3.44 3.21 3.17 3.18 3.64 3.73 3.77 4.47 4.60 4.80 5.00 5.33 5.68 6.51 7.93 7.01 5.26 3.85 3.10 2.92 3.17 3.41 4.03 4.41 4.67 4.89 5.31 5.76 6.35 6.35 5.87 4.85 5.42 5.66 5.97 6.33 6.67 7.03 7.61 8.25 8.70 8.90 9.01 9.27 9.63 10.35 11.72 14.17 18.52 18.60 12.58 8.17 7.19 6.29 5.18 5.64 5.32 5.94 6.70 6.61 6.10 5.24 4.96 5.17 5.80 6.63 7.45 7.92 7.37 6.83 6.77 6.02 6.66 8.11 9.15
3.21 3.47 3.62 3.82 4.02 3.62 3.49 3.68 3.49 3.22 3.15 3.14 3.15 3.17 3.28 3.77 3.98 4.71 4.91 5.08 5.37 6.25 7.62 7.27 5.80 4.43 3.61 3.26 3.33 3.53 4.28 4.56 4.60 3.81 4.22 5.82 6.31 6.12 5.65 4.64 5.03 5.19 5.63 5.98 5.92 6.13 6.62 7.19 7.92 8.45 8.64 8.69 9.17 9.86 10.84 12.31 15.87 19.12 17.48 10.53 7.95 6.87 5.11 5.29 6.02 6.71 7.00 6.78 6.32 5.77 5.74 5.71 6.05 6.76 7.81 8.33 7.74 6.89 6.50 5.35 6.13 8.34 9.96
3.35 3.47 3.63 3.88 3.98 3.69 3.62 3.75 3.58 3.32 3.20 3.14 3.11 3.09 3.19 3.42 3.97 4.16 4.75 4.89 5.12 6.02 7.18 7.24 6.20 5.02 4.19 3.70 3.54 3.73 4.55 4.77 4.77 3.85 4.21 5.94 6.28 5.86 4.92 4.57 5.02 5.12 5.64 6.15 6.09 5.99 6.09 6.36 6.92 7.75 8.24 8.46 8.88 9.61 10.32 11.19 12.86 17.18 19.11 16.07 9.70 8.20 6.82 5.36 6.18 7.26 7.74 7.35 6.51 6.24 6.24 6.28 6.30 6.69 7.75 8.49 8.06 7.23 6.54 5.50 5.81 8.27 8.78
3.37 3.50 3.72 3.97 3.95 3.75 3.72 3.79 3.69 3.49 3.33 3.19 3.12 3.10 3.16 3.34 3.58 4.58 4.59 4.06 4.88 5.80 6.65 6.95 6.36 5.45 4.68 4.02 3.70 3.89 4.74 4.92 5.01 4.94 5.23 6.02 6.25 5.80 5.48 5.54 5.55 5.25 5.49 6.07 6.08 5.97 5.96 5.86 6.20 6.93 7.92 8.46 8.74 9.21 9.85 10.63 11.45 13.71 18.37 18.26 14.75 10.71 8.24 6.63 7.30 6.74 8.41 8.07 6.85 6.52 6.54 6.75 6.79 6.84 7.66 8.54 8.17 7.49 6.74 5.47 6.08 8.26 9.01
3.24 3.48 3.83 4.03 3.97 3.81 3.79 3.82 3.78 3.65 3.50 3.31 3.19 3.17 3.21 3.29 3.45 4.33 4.40 4.60 4.92 5.50 6.14 6.48 6.25 5.58 4.94 4.27 3.84 4.00 4.79 4.91 5.02 5.18 5.29 5.88 6.19 5.95 5.93 5.84 5.39 5.22 5.53 5.92 6.15 6.13 5.83 5.56 5.68 6.51 7.66 8.30 8.47 8.83 9.43 10.25 10.92 12.13 15.06 17.80 16.66 12.25 8.41 7.03 8.12 8.57 7.80 7.56 6.41 6.76 6.90 7.22 7.36 7.34 7.99 8.62 8.02 7.34 6.83 5.45 6.69 8.59 9.46
3.07 3.43 3.84 4.03 4.02 3.82 3.79 3.81 3.82 3.77 3.64 3.47 3.34 3.30 3.29 3.32 3.39 3.82 3.88 4.46 4.76 5.31 5.80 6.06 6.02 5.51 4.99 4.42 4.00 4.60 4.76 4.79 4.95 5.22 5.41 5.89 6.09 6.02 6.07 5.86 5.66 5.33 5.61 6.04 6.28 6.25 5.95 5.41 5.52 6.39 7.51 8.06 8.33 8.60 9.08 9.81 10.68 11.54 13.60 16.29 16.77 13.79 8.76 7.03 6.83 7.09 7.78 7.74 7.59 6.82 7.01 7.45 7.83 8.19 8.62 8.66 7.77 7.17 6.49 5.94 7.14 9.26 10.04
3.10 3.51 3.85 4.02 4.11 3.86 3.75 3.75 3.81 3.82 3.72 3.59 3.52 3.47 3.43 3.41 3.73 3.79 3.90 4.40 4.65 5.12 5.49 5.69 5.76 5.38 4.95 4.48 4.31 4.31 4.78 4.77 4.88 5.23 5.49 5.95 6.08 5.94 5.91 5.81 5.68 5.32 5.59 6.06 6.24 5.91 5.62 5.19 5.55 6.47 7.40 7.88 8.32 8.54 8.80 9.40 10.52 11.76 13.03 15.13 16.46 15.45 11.66 8.41 7.53 7.34 8.56 8.51 6.18 5.30 6.80 7.27 7.83 8.77 9.36 9.05 8.00 7.17 5.69 5.78 7.24 9.50 10.41
3.23 3.66 3.95 4.09 4.26 3.98 3.79 3.72 3.75 3.78 3.73 3.66 3.65 3.64 3.60 3.85 3.81 3.87 3.54 3.62 4.16 4.96 4.75 4.98 5.19 5.21 4.93 4.58 4.44 4.42 4.87 4.82 4.86 5.15 5.50 5.90 5.98 5.84 5.62 5.56 4.72 5.31 5.61 5.98 5.96 5.88 5.75 5.82 6.06 6.66 7.36 7.77 8.10 8.41 8.53 8.97 10.16 11.49 12.46 14.04 15.70 15.70 12.04 9.30 8.66 8.89 8.67 7.69 7.27 6.55 6.69 6.82 7.34 8.64 9.75 9.50 8.34 7.31 6.83 6.10 7.32 9.50 10.39
3.24 3.73 4.07 4.20 4.41 4.15 3.91 3.79 3.70 3.71 3.71 3.67 3.70 3.76 4.07 4.05 3.64 3.57 3.62 3.72 3.83 4.43 4.54 4.68 4.88 4.98 4.80 4.56 4.46 4.44 4.41 4.31 4.78 4.98 5.41 5.89 5.98 5.15 4.94 4.79 4.65 5.26 5.70 6.20 6.29 6.27 6.36 6.55 6.80 7.13 7.43 7.69 7.91 8.29 8.53 8.75 9.49 10.49 11.48 13.13 15.95 16.27 13.23 10.31 10.21 11.12 9.78 7.45 6.44 6.58 6.09 6.41 6.77 8.21 9.64 9.66 8.54 7.12 7.28 7.28 7.88 9.47 10.11
3.18 3.68 4.09 4.27 4.52 4.28 4.05 3.96 3.75 3.69 3.72 3.65 3.68 3.81 3.87 3.86 3.81 3.73 3.72 3.81 4.37 4.42 4.46 4.51 4.65 4.77 4.73 4.57 4.45 4.37 4.29 4.20 4.16 4.81 5.23 5.77 6.01 5.98 5.18 5.08 4.80 5.25 5.74 6.30 6.44 6.46 6.60 6.93 7.27 7.50 7.65 7.72 7.90 8.23 8.43 8.50 9.06 9.76 10.66 11.96 14.77 16.03 15.63 13.60 12.94 13.31 11.33 7.96 6.73 5.64 5.94 4.47 6.46 7.75 8.76 8.72 7.42 8.20 8.33 8.85 9.01 9.58 9.80
3.20 3.63 4.03 4.29 4.57 4.32 4.13 4.11 3.88 3.75 3.74 3.63 3.64 3.79 3.91 3.95 3.93 3.87 3.85 4.33 4.37 4.44 4.49 4.52 4.56 4.63 4.66 4.59 4.47 4.34 4.19 4.08 4.57 4.67 5.03 5.60 5.92 6.04 6.03 6.03 5.68 5.48 5.82 6.38 6.57 6.62 6.73 7.04 7.41 7.62 7.78 7.81 7.87 7.98 8.16 8.28 8.70 9.39 10.05 10.86 12.42 14.57 14.85 13.98 13.90 14.99 14.25 10.57 7.91 6.00 4.84 5.78 6.27 7.10 7.77 7.82 6.93 7.19 8.64 9.78 10.06 11.13 9.31
3.30 3.66 4.01 4.31 4.56 4.28 4.16 4.19 4.01 3.86 3.79 3.64 3.62 3.76 3.93 4.02 4.03 4.00 4.36 4.36 4.37 4.46 4.57 4.62 4.59 4.57 4.56 4.51 4.45 4.38 4.22 4.08 4.52 3.99 4.88 5.34 5.54 5.77 5.75 5.90 5.83 5.77 5.99 6.34 6.60 6.71 6.80 7.04 7.47 7.70 7.77 7.77 7.79 7.89 7.99 8.16 8.51 8.95 9.50 10.11 10.93 11.98 12.63 12.98 13.87 15.67 15.68 14.57 10.86 7.22 5.81 5.29 5.51 6.44 7.34 7.04 6.34 6.59 7.92 10.08 10.60 9.70 8.40
3.34 3.73 4.09 4.37 4.52 4.22 4.17 4.22 4.11 3.98 3.87 3.70 3.63 3.76 3.96 4.07 4.10 4.08 4.08 4.50 4.44 4.05 4.54 5.05 4.61 4.55 4.51 4.48 4.46 4.39 4.29 4.68 3.94 4.55 4.81 5.12 5.32 5.52 5.64 5.72 5.80 5.85 6.06 6.35 6.60 6.80 6.91 7.06 7.47 7.57 7.62 7.69 7.74 7.77 7.83 7.95 8.19 8.50 8.94 9.44 9.99 10.64 11.18 11.55 12.23 13.36 15.33 15.84 13.81 8.75 6.72 5.78 5.82 6.99 7.76 6.85 6.23 6.72 8.09 10.00 10.48 9.01 7.71
3.34 3.76 4.18 4.43 4.52 4.20 4.16 4.22 4.16 4.09 3.98 3.78 3.67 3.81 4.01 4.11 4.13 4.14 4.18 4.20 4.11 4.06 4.12 4.17 4.53 4.49 4.53 4.56 4.50 4.34 4.24 4.20 4.01 3.82 3.90 4.73 5.05 5.29 5.44 5.63 5.79 5.91 6.14 6.39 6.60 6.82 7.08 7.27 7.35 7.42 7.55 7.64 7.69 7.72 7.74 7.79 7.87 8.12 8.39 8.78 9.38 9.90 10.37 10.82 11.28 11.80 13.28 15.82 15.40 13.00 9.74 7.61 7.00 8.16 8.34 6.79 6.65 7.79 9.21 10.17 9.64 8.31 8.78
3.37 3.79 4.21 4.45 4.58 4.23 4.17 4.19 4.13 4.13 4.08 3.88 4.14 3.91 4.09 4.16 4.16 4.18 4.27 4.31 4.21 4.12 4.14 4.52 4.10 4.12 4.20 4.57 4.18 4.06 3.88 4.18 4.05 3.83 3.75 4.39 4.68 4.99 5.21 5.32 5.58 5.91 6.18 6.36 6.64 6.97 7.10 7.16 7.29 7.43 7.52 7.58 7.58 7.57 7.51 7.60 7.77 7.85 7.94 8.23 8.75 9.26 9.70 10.19 10.74 11.19 12.24 13.84 14.97 14.36 13.21 11.48 10.34 10.61 10.27 8.63 8.38 10.13 11.77 11.26 9.36 8.31 8.15
3.40 3.85 4.22 4.42 4.66 4.29 4.24 4.19 4.06 4.08 4.09 3.96 3.93 4.07 4.18 4.21 4.19 4.21 4.33 4.40 4.29 4.18 4.54 4.14 4.07 4.08 4.16 4.20 4.24 4.16 3.98 4.25 4.21 4.49 4.37 4.36 4.48 4.70 4.93 5.10 5.43 5.84 6.17 6.47 6.52 6.75 6.95 7.14 7.35 7.51 7.54 7.50 7.43 7.26 7.19 7.25 7.54 7.58 7.55 7.77 8.20 8.66 9.17 9.66 10.28 10.92 11.47 11.85 12.20 12.68 12.87 12.39 11.94 11.72 11.78 11.06 10.41 10.87 12.75 13.61 12.09 10.23 9.37
3.37 3.88 4.25 4.64 4.69 4.33 4.34 4.25 4.00 3.97 3.99 3.93 4.46 4.19 4.30 4.72 4.64 4.21 4.36 4.50 4.38 4.23 4.19 4.16 4.12 4.12 4.14 4.19 4.27 4.25 4.55 3.98 3.83 4.10 3.54 3.40 3.69 3.77 4.75 5.07 5.32 5.94 6.30 6.20 6.28 6.55 6.83 7.11 7.39 7.52 7.53 7.44 7.34 7.16 6.90 6.89 7.15 7.29 7.28 7.46 7.82 8.26 8.81 9.36 9.92 10.66 11.03 10.68 10.53 10.61 10.65 10.69 10.77 11.07 11.34 11.08 10.60 10.75 12.29 14.14 14.49 13.73 12.84
3.27 3.85 4.26 4.60 4.73 4.35 4.44 4.39 4.05 3.87 3.83 3.82 3.94 4.14 4.36 4.45 4.34 4.65 4.82 4.93 4.45 4.25 4.16 4.13 4.13 4.11 4.09 4.18 4.26 4.24 5.10 4.14 4.76 4.14 4.59 4.44 3.85 4.51 4.69 4.93 5.21 5.60 5.81 5.81 6.01 6.33 6.68 7.05 7.36 7.52 7.53 7.42 7.14 6.91 6.63 6.71 6.86 6.96 7.01 7.11 7.42 7.86 8.42 9.03 9.77 10.57 10.68 10.20 9.77 9.64 9.54 9.48 9.50 9.68 9.94 9.95 9.77 9.90 10.76 12.41 14.11 14.93 13.83
3.24 3.77 4.18 4.50 4.64 4.31 4.48 4.55 4.22 3.88 3.71 3.71 3.79 3.94 4.22 4.44 4.43 4.33 4.34 4.48 4.43 4.23 4.08 4.05 4.06 4.00 3.96 4.12 4.20 4.13 4.16 4.15 3.91 3.70 4.01 3.99 4.70 4.68 4.65 4.85 4.97 5.21 5.22 5.33 5.65 6.01 6.39 6.80 7.22 7.54 7.59 7.43 7.10 6.59 6.43 6.63 6.72 6.68 6.73 6.79 7.13 7.53 7.94 8.45 9.36 10.35 10.30 9.87 9.49 9.19 8.93 8.82 8.71 8.76 9.03 9.27 9.31 9.37 9.71 10.81 12.03 12.91 13.48
3.38 3.75 4.07 4.16 4.20 4.14 4.41 4.62 4.39 3.97 3.69 3.65 3.69 3.77 4.00 4.24 4.39 4.41 4.40 4.46 4.38 4.19 4.05 4.01 4.01 3.90 3.85 4.04 4.11 4.02 4.03 4.01 3.80 3.56 3.45 3.91 4.74 4.13 4.70 5.02 5.00 4.88 4.82 5.00 5.27 5.54 5.81 6.15 6.84 7.56 7.75 7.37 6.89 6.29 6.19 6.35 6.37 6.38 6.42 6.44 6.80 7.35 7.77 8.09 8.92 9.91 10.04 9.61 9.27 9.04 8.72 8.46 8.17 8.10 8.38 8.69 8.84 8.90 8.94 9.56 10.60 11.68 12.42
3.60 3.83 4.03 4.10 4.04 3.96 4.27 4.59 4.48 4.11 3.80 3.71 3.70 3.74 3.87 4.04 4.30 4.41 4.43 4.46 4.33 4.18 4.08 4.02 3.99 3.84 3.76 3.97 4.08 4.01 3.98 3.91 3.69 3.41 3.20 3.23 4.58 4.96 5.14 4.39 4.40 4.22 4.61 4.72 4.94 5.11 5.23 5.53 6.37 7.45 7.93 7.55 6.63 5.93 5.88 6.05 5.96 5.97 6.01 5.89 6.17 6.91 7.63 8.06 8.71 9.62 9.94 9.46 9.05 8.86 8.63 8.36 7.97 7.78 7.98 8.20 8.29 8.31 8.26 8.31 9.07 10.19 11.22
3.79 3.94 4.04 4.03 3.94 3.85 4.15 4.53 4.49 4.20 3.98 3.86 3.82 3.81 3.83 3.93 4.19 4.36 4.42 4.42 4.28 4.18 4.14 4.06 4.01 3.87 3.75 3.96 4.15 4.10 4.44 3.86 3.69 3.40 3.60 3.56 4.38 4.23 4.49 4.54 4.45 4.26 4.01 3.95 4.73 4.87 5.03 5.35 6.04 7.06 7.78 7.49 6.44 5.62 5.62 5.86 5.69 5.71 5.71 5.49 5.72 6.45 7.38 8.03 8.53 9.31 9.75 9.31 8.82 8.56 8.40 8.22 7.90 7.50 7.75 7.77 7.76 7.57 7.31 7.43 7.58 8.40 9.57
3.93 4.05 4.06 3.97 3.90 3.80 4.05 4.45 4.42 4.19 4.09 4.01 3.95 3.94 3.91 3.93 4.10 4.27 4.36 4.33 4.22 4.19 4.19 4.09 4.03 3.94 3.85 4.07 4.33 4.27 4.01 3.83 3.71 3.48 3.25 3.17 3.81 3.79 4.19 4.33 4.52 4.39 4.14 4.01 4.04 4.72 4.94 5.28 5.80 6.53 7.33 7.31 6.31 5.48 5.50 5.66 5.49 5.73 5.69 5.45 5.65 6.33 7.19 7.91 8.44 9.08 9.45 9.12 8.56 8.24 8.12 7.95 7.74 7.48 7.54 7.81 7.81 7.52 7.14 6.83 6.68 7.42 8.58
4.03 4.14 4.11 3.98 3.94 3.84 4.01 4.36 4.34 4.14 4.11 4.10 4.06 4.07 4.06 4.03 4.08 4.20 4.27 4.22 4.16 4.20 4.20 4.08 4.02 3.94 3.91 4.20 4.54 4.48 4.08 3.81 3.71 3.57 3.44 3.42 4.51 3.76 4.01 4.20 4.30 4.29 4.13 4.17 4.09 4.01 4.90 5.36 5.82 6.41 7.05 6.93 6.18 5.59 5.65 5.63 5.51 5.58 5.45 5.69 5.87 6.46 7.16 7.76 8.37 8.97 9.15 8.82 8.24 7.93 7.91 7.91 7.48 7.20 7.13 8.07 7.58 7.36 6.95 6.59 6.29 6.83 7.61
3.97 4.16 4.21 4.09 4.06 3.96 4.04 4.30 4.29 4.11 4.09 4.15 4.15 4.16 4.17 4.14 4.15 4.21 4.20 4.12 4.11 4.19 4.16 4.01 3.95 3.85 3.86 4.26 4.70 4.66 4.17 3.81 3.73 3.69 3.60 4.04 3.74 3.77 3.84 4.04 4.21 4.31 4.29 4.40 4.32 4.26 5.12 5.59 5.98 6.36 6.77 6.38 5.85 5.34 5.20 5.05 5.43 5.49 5.38 5.69 6.08 6.69 7.28 7.63 8.27 8.78 8.82 8.34 7.79 7.62 7.88 7.73 7.55 7.26 7.87 8.21 8.37 7.53 7.20 6.96 6.69 6.45 6.85
3.76 4.06 4.27 4.20 4.16 4.10 4.13 4.31 4.28 4.09 4.05 4.15 4.21 4.21 4.23 4.22 4.22 4.25 4.21 4.11 4.10 4.17 4.10 3.96 3.87 3.75 3.78 4.24 4.76 4.74 4.29 3.85 3.76 3.84 3.74 3.69 3.84 3.80 3.77 3.94 4.10 4.24 4.33 4.58 5.35 5.36 5.61 6.12 6.19 6.22 6.42 6.01 5.68 5.30 5.11 4.94 4.83 4.83 4.64 5.54 6.07 6.84 7.41 7.65 8.21 8.88 8.54 7.65 7.06 7.14 7.78 8.36 8.26 7.98 8.08 8.27 8.36 7.55 7.32 7.30 7.28 6.88 6.82
