tests/Lakes/input/data20191001/wind_ninja_data/topo_windninja_topo_10-01-2019_1600_200m_ang.asc
ncols	41
nrows	44
xllcorner	319975.000000
yllcorner	4158275.000000
cellsize	200.000000
NODATA_value	-9999.000000
326	328	307	80	46	42	43	36	38	33	37	37	34	34	33	34	29	32	6	6	5	4	3	2	1	1	360	359	359	358	358	357	356	355	354	353	351	350	349	347	347	
326	328	307	80	46	42	43	36	38	33	37	37	34	34	33	34	29	32	6	6	5	4	3	2	1	1	360	359	359	358	358	357	356	355	354	353	351	350	349	347	347	
325	329	313	11	12	14	21	35	41	41	40	42	38	37	38	36	19	36	18	7	6	5	3	2	3	2	1	0	0	360	360	359	357	356	355	354	352	351	351	349	349	
325	329	317	299	26	24	22	18	23	36	45	40	40	37	37	19	37	18	8	7	8	7	3	2	3	2	1	1	2	2	0	359	358	358	356	354	353	353	351	349	349	
326	327	309	291	321	42	46	37	23	19	23	19	0	26	12	31	14	12	12	6	8	9	5	2	1	1	3	4	4	3	1	1	1	359	356	355	355	354	352	348	348	
321	310	293	282	271	23	32	33	48	35	20	8	13	29	16	14	11	22	28	14	7	7	10	6	0	2	6	7	6	4	3	4	2	357	355	357	354	353	354	350	350	
311	294	281	272	256	226	103	7	25	34	39	36	33	13	13	15	14	27	18	25	6	7	24	14	14	7	9	9	8	7	6	4	359	355	357	357	355	353	356	353	353	
308	309	282	279	256	236	270	20	27	8	12	51	50	19	16	15	14	20	26	11	11	17	17	13	15	13	12	12	10	8	7	1	356	356	357	356	356	357	354	349	349	
309	311	308	308	264	338	342	18	44	356	4	69	28	20	16	13	11	39	37	19	20	24	16	20	18	16	15	13	8	5	2	1	2	2	355	358	2	360	347	337	337	
312	314	313	294	345	13	335	343	354	359	6	22	18	17	15	15	19	25	31	22	25	35	28	19	16	14	11	7	6	3	3	3	8	7	358	1	0	355	344	336	336	
315	314	312	313	333	11	332	338	349	356	9	16	11	11	11	13	21	31	108	29	20	22	14	8	5	3	1	3	0	3	1	359	6	10	1	355	345	343	342	336	336	
314	313	310	309	347	6	330	335	342	349	1	7	4	3	3	5	11	25	23	10	10	13	14	5	2	1	1	360	358	360	2	1	360	1	359	352	342	341	342	337	337	
311	310	307	307	341	317	326	331	337	346	352	358	1	360	357	354	358	6	6	0	8	13	13	8	4	3	3	359	350	357	7	2	121	345	344	352	353	340	344	332	332	
306	303	301	302	303	311	320	325	330	333	337	347	353	354	352	350	351	17	351	356	5	12	9	6	5	6	2	357	343	358	7	66	347	326	342	358	348	343	341	336	336	
302	295	293	296	297	343	356	319	355	325	327	336	338	341	344	344	344	342	339	342	342	9	8	4	8	10	2	346	349	358	5	24	341	339	357	8	352	346	337	325	325	
298	289	289	294	296	325	345	347	315	317	319	349	329	331	332	333	334	332	326	327	316	322	2	3	11	7	350	350	358	355	358	355	341	359	10	357	351	345	328	316	316	
327	280	300	315	312	325	343	334	312	312	334	322	322	322	325	321	321	320	317	302	306	305	315	350	357	356	352	5	1	351	350	340	359	11	359	357	351	335	323	320	320	
288	272	306	323	321	327	335	320	323	336	315	314	311	310	310	309	308	309	309	307	302	301	315	302	321	338	6	3	357	347	340	352	358	359	0	8	338	324	321	318	318	
288	265	294	315	328	326	315	316	329	338	309	305	298	321	297	297	296	298	299	301	301	296	300	286	290	300	313	6	350	341	356	2	11	356	4	198	316	308	312	305	305	
245	252	262	295	313	311	304	325	331	334	297	297	292	290	311	287	286	290	293	297	302	302	287	275	275	288	322	339	339	343	4	0	9	9	357	340	322	321	293	297	297	
103	238	264	246	288	294	309	304	282	303	312	291	289	284	308	302	276	282	288	292	297	296	280	274	275	291	318	325	328	1	6	4	14	351	349	337	325	333	300	301	301	
91	276	265	244	246	286	272	271	254	298	296	309	313	298	298	293	287	272	281	287	290	291	289	277	276	286	310	314	301	356	353	359	353	343	342	330	320	319	314	311	311	
282	279	258	242	249	249	258	268	262	256	283	301	314	301	281	287	276	285	274	281	284	287	288	286	287	279	289	301	278	350	353	357	355	338	334	321	315	310	310	316	316	
268	267	251	248	250	258	261	264	259	260	276	281	275	265	253	273	276	280	286	274	278	281	284	284	285	287	282	287	287	301	346	340	346	335	325	320	314	307	314	318	318	
261	259	258	252	248	260	263	259	257	265	269	270	269	262	246	256	268	279	280	268	270	272	277	282	285	288	289	286	288	291	335	338	346	326	321	323	314	317	295	278	278	
259	257	256	249	250	257	266	258	281	267	288	274	272	265	251	252	272	275	276	265	266	284	287	278	285	293	301	318	307	285	316	319	327	321	328	318	317	304	273	259	259	
258	255	254	250	255	256	269	257	255	275	283	281	268	310	263	264	280	270	274	263	265	267	268	285	293	286	295	300	298	287	286	318	320	324	322	316	302	282	275	265	265	
257	254	254	253	254	255	256	259	256	265	272	271	267	249	262	279	281	264	269	270	264	286	266	267	287	293	288	291	294	281	276	287	309	324	310	314	304	284	272	267	267	
259	256	255	252	249	253	254	247	252	257	254	258	246	238	262	286	278	272	271	261	259	264	267	266	270	274	284	287	324	284	280	276	273	294	307	309	295	264	258	258	258	
262	258	255	248	251	261	245	233	232	237	246	245	246	254	269	274	267	270	268	255	252	258	286	267	266	282	274	282	290	294	285	262	259	259	285	289	266	256	255	255	255	
262	257	254	250	257	262	238	230	233	234	231	236	236	247	265	263	247	251	257	253	250	277	262	284	270	286	272	284	284	287	271	267	249	254	265	269	256	264	261	261	261	
261	257	255	254	264	250	240	227	238	234	227	224	230	242	251	254	249	261	272	267	265	277	271	274	264	280	276	277	278	279	274	303	255	259	241	238	265	250	251	262	262	
262	259	260	262	257	238	231	229	241	236	228	222	225	240	245	244	250	264	268	267	273	269	275	261	255	284	277	277	277	275	274	273	265	253	240	233	248	244	244	251	251	
264	261	263	264	252	241	230	232	242	241	164	230	239	244	244	239	244	254	259	259	270	273	266	255	253	277	268	274	276	274	273	271	253	239	227	231	242	253	253	257	257	
265	262	262	247	262	245	252	238	242	237	225	237	247	248	237	243	240	243	250	257	264	266	258	269	253	273	270	268	270	270	273	276	262	156	203	229	243	245	238	236	236	
266	262	260	259	258	256	252	248	242	229	228	239	246	241	234	235	240	233	239	246	251	257	248	270	270	270	269	263	262	265	268	271	65	227	167	238	251	248	236	236	236	
266	262	258	256	256	253	250	246	241	235	238	242	241	233	231	233	230	216	219	233	240	239	244	255	265	256	267	258	262	260	257	255	263	94	100	248	252	246	237	237	237	
265	261	258	257	255	251	248	246	242	241	240	243	240	230	230	237	233	224	223	225	226	219	240	234	244	261	267	270	265	260	249	241	248	240	110	261	250	244	237	238	238	
266	261	258	256	253	250	247	246	250	241	244	250	243	237	235	242	236	238	237	240	243	242	236	228	232	249	254	264	271	258	252	243	231	234	248	268	255	236	235	234	234	
266	261	257	253	249	244	243	245	244	249	247	248	248	245	245	247	237	237	236	243	246	247	244	236	239	239	246	250	252	252	255	258	162	237	255	262	255	241	233	234	234	
271	266	258	252	247	241	251	242	242	241	242	244	244	248	253	251	240	233	244	253	249	244	248	245	246	242	240	239	239	242	246	250	247	249	248	234	237	241	242	246	246	
277	270	259	251	245	241	246	252	243	242	250	250	254	252	251	247	237	223	241	251	254	248	249	251	247	244	250	246	230	225	233	234	227	247	245	242	239	241	244	244	244	
284	276	263	252	246	242	249	246	252	237	235	250	252	242	244	244	239	162	261	261	248	241	241	246	245	243	252	235	223	224	219	224	223	228	237	242	243	244	243	241	241	
290	284	269	258	250	258	258	253	255	238	233	241	243	244	245	245	253	295	290	260	246	232	244	251	240	247	247	223	226	227	227	225	224	227	235	242	248	250	245	241	241	
