tests/Lakes/input/data20191001/wind_ninja_data/topo_windninja_topo_10-01-2019_0000_50m_vel.asc
ncols	157
nrows	169
xllcorner	319975.000000
yllcorner	4158275.000000
cellsize	50.000000
NODATA_value	-9999.000000
[rows 0 to 36 of 169, columns 0 to 82 of 157]
8.68 10.64 13.00 14.46 16.04 16.72 17.05 16.88 16.27 15.67 15.09 14.52 13.73 11.04 9.40 8.37 8.34 8.77 9.29 9.85 9.76 9.41 8.62 9.71 11.21 12.25 13.96 12.73 13.42 12.43 13.21 12.82 12.51 12.52 12.44 12.41 12.51 12.61 12.56 12.42 10.60 10.64 10.55 10.48 10.49 10.41 10.26 10.11 11.02 9.86 9.73 9.62 9.61 9.68 9.68 9.79 9.65 9.40 9.56 12.29 12.56 9.61 9.76 9.16 8.64 8.57 8.74 8.75 8.98 9.32 9.17 8.70 8.48 8.40 8.69 9.02 9.07 9.03 8.86 8.85 9.06 9.20 9.25
8.68 10.64 13.00 14.46 16.04 16.72 17.05 16.88 16.27 15.67 15.09 14.52 13.73 11.04 9.40 8.37 8.34 8.77 9.29 9.85 9.76 9.41 8.62 9.71 11.21 12.25 13.96 12.73 13.42 12.43 13.21 12.82 12.51 12.52 12.44 12.41 12.51 12.61 12.56 12.42 10.60 10.64 10.55 10.48 10.49 10.41 10.26 10.11 11.02 9.86 9.73 9.62 9.61 9.68 9.68 9.79 9.65 9.40 9.56 12.29 12.56 9.61 9.76 9.16 8.64 8.57 8.74 8.75 8.98 9.32 9.17 8.70 8.48 8.40 8.69 9.02 9.07 9.03 8.86 8.85 9.06 9.20 9.25
6.57 8.13 10.70 12.06 12.96 13.67 14.31 14.68 14.60 14.26 13.89 13.86 14.03 12.30 10.86 9.43 8.81 8.80 8.99 8.92 8.65 8.64 8.61 9.93 11.39 11.39 11.23 11.75 12.21 11.91 11.72 11.72 11.69 11.90 11.80 11.67 11.74 11.89 11.90 12.14 11.06 10.08 9.85 9.56 9.26 9.08 8.97 8.79 8.78 10.23 8.90 8.88 8.87 9.00 9.14 9.23 8.86 11.27 11.87 11.93 9.87 9.71 8.70 8.09 7.87 8.10 8.44 8.54 8.95 9.41 9.12 8.55 8.42 8.47 8.66 8.99 8.96 8.87 8.74 8.83 9.10 9.26 9.30
4.83 6.01 7.57 8.59 9.50 10.28 10.98 11.79 12.38 12.58 12.54 13.30 14.70 15.16 13.44 12.05 10.88 10.16 9.24 8.12 7.49 7.77 8.45 9.82 11.19 10.58 9.50 9.74 10.27 10.31 10.29 10.46 10.73 11.13 11.02 11.29 11.35 11.33 11.08 9.92 9.05 8.98 8.62 8.19 7.87 7.81 7.87 7.83 9.32 9.62 9.79 9.91 8.30 8.56 8.97 10.65 11.29 10.97 11.28 12.27 10.03 8.84 7.19 7.04 7.19 7.57 8.03 8.17 8.75 9.30 9.12 8.80 8.82 8.78 8.80 8.78 8.71 8.73 8.70 8.84 9.12 9.28 9.31
4.70 4.82 6.87 7.76 8.54 9.08 10.14 10.93 11.75 12.43 12.73 13.23 14.71 16.05 16.09 14.38 13.27 12.23 10.86 8.90 8.02 8.11 8.53 9.59 10.24 9.55 9.08 8.65 8.91 8.96 8.86 9.09 9.79 10.49 10.47 10.48 9.13 9.09 9.06 9.01 8.07 8.02 7.76 7.45 7.34 7.43 7.63 9.09 9.36 9.57 9.85 10.09 10.46 10.11 8.69 10.22 10.98 11.10 11.75 12.44 11.67 9.68 8.17 6.62 6.81 7.34 8.06 8.32 8.43 8.77 8.90 8.88 9.06 8.98 8.68 8.46 8.29 8.38 8.62 8.88 9.09 9.19 9.24
4.61 4.43 5.52 6.55 8.09 8.67 9.46 10.01 10.59 11.30 12.00 12.55 13.67 15.32 16.41 16.49 14.76 13.74 12.29 10.36 9.26 9.45 9.65 9.89 10.27 9.62 8.13 7.18 8.07 8.35 8.85 9.06 9.13 9.28 10.05 10.48 10.63 10.28 10.15 9.71 9.27 9.19 8.36 8.14 8.17 8.37 8.62 9.09 9.22 9.62 10.55 11.00 11.22 10.97 10.65 10.27 10.47 10.71 11.24 11.56 11.01 9.75 8.95 8.60 8.60 9.10 9.88 10.55 11.47 10.82 9.01 9.20 9.35 8.90 8.23 7.98 8.00 8.05 8.39 8.85 9.08 9.09 9.19
4.62 4.48 5.19 6.10 7.59 8.57 8.74 9.05 9.65 10.27 10.97 11.83 12.79 14.11 15.64 16.52 15.62 14.32 13.19 11.39 10.27 10.71 11.70 12.47 12.62 10.79 8.18 7.24 6.96 6.88 8.41 8.85 8.85 8.87 9.25 9.66 9.78 10.15 10.16 10.10 9.81 9.54 9.50 9.33 9.56 9.88 9.84 9.92 9.74 9.93 10.45 11.09 11.16 10.88 10.68 10.84 10.97 11.34 11.33 10.90 10.12 9.59 9.26 9.19 10.22 10.98 11.20 10.88 8.60 8.77 9.06 9.30 9.66 9.05 7.71 7.36 7.56 7.66 7.99 8.56 8.88 8.94 9.10
4.67 4.61 4.96 5.62 7.05 7.71 8.22 8.68 9.45 10.17 10.72 11.61 12.59 13.50 15.11 16.46 15.73 15.00 13.84 11.80 10.12 10.04 11.46 13.32 15.09 14.79 11.39 8.36 7.27 7.00 8.45 8.52 8.55 8.61 8.83 9.13 9.35 9.61 9.43 9.07 8.84 8.99 8.92 8.79 8.87 9.16 9.59 10.05 10.19 10.26 10.66 11.34 11.30 10.66 10.23 10.51 11.23 12.02 12.48 11.29 10.18 9.74 9.34 10.21 10.57 8.72 8.89 8.76 8.99 9.41 9.50 9.57 9.63 8.78 7.39 7.00 6.98 7.29 7.72 8.35 8.80 9.01 9.20
5.00 4.86 4.88 5.28 6.68 7.43 7.77 8.24 8.94 9.65 10.33 11.25 12.28 13.06 14.72 16.40 15.77 15.26 14.80 12.89 10.64 9.33 9.78 12.19 14.83 16.83 16.64 13.37 9.72 7.91 7.46 7.36 8.61 7.54 7.69 8.06 9.40 9.22 8.97 8.62 8.36 8.43 8.75 8.66 8.47 8.79 9.25 9.68 9.81 10.14 10.41 10.69 10.68 10.13 9.77 10.12 10.77 11.50 11.61 10.98 10.15 9.57 9.83 10.15 8.06 8.78 9.08 9.04 9.61 10.15 10.14 9.92 9.66 8.73 7.28 6.59 6.46 6.74 7.22 7.94 8.62 9.00 9.22
5.22 4.94 4.85 5.10 5.51 7.14 7.06 7.71 8.52 9.11 9.77 10.70 11.88 12.92 14.39 15.64 15.70 15.75 15.52 14.44 12.26 10.18 9.42 10.53 12.71 15.67 17.85 17.98 15.72 12.18 9.55 8.52 8.11 7.89 7.77 8.11 8.35 9.31 8.93 8.54 8.44 8.52 8.69 8.47 8.41 8.56 8.97 9.24 9.44 9.57 9.85 9.95 10.01 9.88 9.73 9.99 10.64 11.47 11.40 9.96 9.34 9.65 10.35 8.19 8.66 9.01 9.29 9.64 10.37 10.80 10.85 10.54 9.88 8.76 7.27 6.26 6.04 6.08 6.63 7.39 8.06 8.61 8.97
5.31 4.97 5.03 5.23 5.39 6.39 6.98 7.45 8.27 8.84 9.33 9.96 11.14 12.47 13.68 14.61 15.17 15.50 15.78 15.39 14.01 12.10 10.62 10.30 10.98 12.89 15.67 18.22 18.92 17.94 15.44 12.94 11.18 9.79 8.84 8.27 7.96 8.31 8.16 8.79 8.55 8.67 8.56 8.37 8.28 8.31 8.57 8.86 8.53 8.27 9.00 9.70 9.93 9.70 9.32 9.66 10.35 11.05 10.72 9.29 8.99 9.94 7.97 8.58 8.87 9.12 9.35 10.05 11.01 11.31 11.47 11.46 10.65 9.27 7.35 6.02 5.73 5.81 6.17 6.86 7.66 8.25 8.85
5.34 5.11 5.40 5.61 5.66 6.61 7.16 7.05 7.92 8.65 9.13 9.65 10.68 11.90 12.98 13.81 14.43 14.90 15.25 15.33 14.63 13.31 12.13 11.36 10.83 11.45 12.90 15.12 17.46 18.90 19.02 18.05 16.29 13.97 11.39 9.76 8.99 8.39 8.39 8.16 8.11 8.91 7.94 8.39 8.06 8.04 8.40 8.38 7.55 8.09 8.96 9.73 9.89 9.01 8.98 9.31 9.96 10.44 10.11 9.14 9.21 9.33 8.31 8.83 9.09 9.15 9.33 10.22 11.11 11.44 11.77 12.04 11.45 10.18 8.04 6.16 5.73 5.67 5.76 6.32 6.94 7.53 8.51
5.37 5.28 5.66 5.92 5.91 6.73 7.48 7.24 7.78 8.38 9.05 9.73 10.66 11.51 12.29 13.00 13.65 14.21 14.66 14.87 14.38 13.33 12.60 11.93 11.18 11.05 11.76 13.17 14.57 16.02 17.86 19.22 19.21 18.68 16.48 13.02 10.82 9.78 8.96 8.25 8.61 8.58 8.38 7.98 7.58 7.60 6.75 7.42 7.44 8.03 9.13 10.03 9.17 8.55 7.77 8.73 9.55 9.87 9.71 9.09 9.31 7.80 8.78 9.32 9.56 9.56 9.66 10.36 11.16 11.56 11.91 12.24 11.84 10.71 9.14 7.34 6.26 5.72 5.77 6.01 6.13 7.04 8.20
5.42 5.38 5.76 6.01 5.89 7.45 7.70 7.76 7.83 8.08 8.78 9.76 10.66 11.25 11.70 12.25 12.89 13.46 14.01 14.52 14.05 12.91 12.28 11.92 11.33 10.97 11.24 12.34 13.10 13.43 14.61 16.62 18.27 19.80 20.23 18.99 15.58 12.79 11.11 9.79 9.01 9.48 8.55 8.05 8.53 7.38 7.27 6.95 7.10 7.90 9.07 9.80 9.25 7.99 6.78 5.41 6.17 8.58 9.10 9.27 9.49 7.98 8.88 9.47 9.71 9.85 9.88 10.30 11.04 11.54 11.90 12.16 11.79 10.66 9.50 8.27 7.08 6.29 5.91 5.88 5.86 6.56 7.91
5.29 5.26 5.71 5.98 6.69 7.37 7.81 7.74 7.84 8.06 8.62 9.66 10.66 11.22 11.46 11.76 12.25 12.74 13.30 14.12 13.78 12.52 11.89 11.68 11.32 10.96 10.86 11.52 12.08 12.14 12.53 13.41 14.45 16.10 18.95 20.89 20.44 18.62 15.48 12.27 10.35 9.89 9.85 9.27 8.69 8.44 8.03 7.45 7.51 8.60 9.38 9.74 8.93 7.11 6.33 5.03 5.88 6.63 7.86 8.15 9.23 8.32 9.13 9.74 10.01 10.22 10.14 10.38 11.06 11.62 11.97 12.15 11.68 10.53 9.51 8.53 7.52 6.81 6.37 6.14 5.80 6.10 7.48
5.13 5.10 5.66 6.06 6.70 7.46 7.81 7.67 7.86 8.21 8.70 9.50 10.47 11.13 11.45 11.62 11.82 12.05 12.73 13.68 13.42 12.26 11.67 11.41 11.21 11.14 10.90 10.98 11.18 11.28 11.63 12.06 12.54 13.34 14.86 17.02 19.59 21.08 20.32 17.53 13.60 11.60 11.23 10.55 9.90 9.62 9.13 8.44 8.66 9.57 10.02 10.09 8.69 6.57 5.63 6.24 6.67 7.15 7.50 7.78 7.98 8.65 9.36 10.03 10.62 10.80 10.62 10.67 11.22 11.71 11.91 11.44 11.48 10.35 9.46 8.61 7.71 7.14 6.78 6.53 6.15 6.13 7.29
5.03 5.00 5.62 6.18 6.82 7.47 7.86 7.71 7.84 8.25 8.79 9.45 10.16 10.80 11.31 11.62 11.68 11.62 12.28 13.23 12.96 12.12 11.68 11.31 11.05 11.19 11.05 10.83 10.87 10.89 10.95 11.14 11.61 12.42 13.41 14.19 15.37 17.83 20.49 20.75 18.77 15.81 14.18 13.08 12.13 11.73 11.19 10.32 10.20 10.52 11.02 11.13 9.43 7.28 7.29 7.44 7.33 7.57 7.69 7.35 8.19 8.92 9.61 10.37 11.18 11.29 11.07 11.05 11.50 11.84 11.19 11.70 11.12 10.10 9.34 8.59 7.78 7.25 6.90 6.72 6.53 6.45 7.31
4.96 4.93 5.63 6.38 6.95 7.58 8.07 7.87 7.93 8.28 8.75 9.46 10.12 10.55 11.04 11.46 11.62 11.55 12.05 12.71 12.39 11.83 11.69 11.35 10.86 10.96 11.06 10.87 11.00 11.03 10.45 10.15 10.55 11.51 12.51 13.16 13.54 14.65 16.83 19.26 20.00 19.06 17.95 16.76 15.48 14.71 14.10 13.02 12.18 11.68 11.92 11.96 10.52 9.32 8.63 8.33 7.97 7.87 7.71 7.63 8.21 8.98 9.66 10.66 11.53 11.84 11.76 11.67 11.92 11.41 11.63 11.29 10.62 9.79 9.18 8.44 7.72 7.22 6.78 6.66 6.72 6.83 7.40
4.79 4.72 5.51 6.54 6.49 7.78 8.38 8.15 8.12 8.38 8.73 9.45 10.18 10.56 10.93 11.21 11.38 11.54 12.04 12.36 11.93 11.41 11.41 11.44 11.01 10.80 10.89 10.79 11.05 11.44 10.85 9.67 9.34 10.07 11.02 11.75 12.49 13.24 14.28 15.47 16.50 17.30 17.71 17.51 16.76 16.02 15.65 14.91 14.04 13.24 13.15 12.60 10.80 9.65 9.06 8.85 8.31 7.99 7.59 7.65 8.20 9.04 9.81 10.62 11.56 12.32 12.71 12.69 12.51 11.65 11.40 10.73 10.03 9.52 9.02 8.27 7.63 7.19 6.76 6.60 6.79 7.12 7.61
4.58 4.44 5.19 6.48 6.64 7.87 8.65 8.41 8.25 8.48 8.79 9.40 10.09 10.58 10.95 11.06 11.04 11.27 11.90 12.18 11.72 11.10 10.92 11.18 11.12 10.82 10.77 10.70 10.81 11.38 11.33 10.22 9.35 9.40 9.79 10.52 11.29 12.18 13.16 13.44 13.28 13.22 13.64 14.16 14.21 14.11 14.40 14.61 14.11 13.72 13.98 12.93 10.48 9.85 9.26 8.98 8.49 8.00 7.44 7.64 8.18 9.38 10.06 10.59 11.32 12.48 13.66 14.06 13.31 12.09 11.00 10.13 9.64 9.39 8.91 8.18 7.56 7.13 6.79 6.56 6.81 7.33 7.85
4.59 4.45 4.95 5.93 6.53 7.80 8.74 8.53 8.31 8.58 8.89 9.38 9.94 10.13 10.96 11.01 10.74 10.85 11.54 11.99 11.67 10.99 10.49 10.67 10.91 10.74 10.71 10.75 10.71 10.95 11.28 10.75 10.07 9.71 9.21 9.11 10.12 11.62 12.81 12.93 12.52 12.19 12.32 12.69 12.75 12.82 13.46 14.12 13.82 13.14 13.39 12.46 10.66 9.77 9.70 9.21 8.66 8.37 7.76 7.87 8.56 9.60 10.34 10.63 11.05 12.38 14.28 15.23 14.25 12.29 10.65 9.76 9.48 9.32 8.78 8.08 7.39 6.91 6.68 6.61 6.90 7.39 7.92
4.94 4.95 5.20 5.70 6.32 7.15 8.66 8.46 8.31 8.62 8.99 9.43 9.46 9.98 10.65 10.93 10.62 10.53 11.15 11.79 11.59 10.91 10.24 10.26 10.61 10.52 10.49 10.76 10.83 10.82 10.91 10.68 10.39 10.31 9.11 7.96 8.40 10.43 12.20 12.88 12.68 12.31 12.18 12.34 12.40 12.69 13.48 14.40 14.34 12.74 11.72 10.94 9.99 9.62 9.88 9.68 9.45 9.27 8.11 8.54 9.15 9.99 10.64 10.85 11.12 12.39 14.67 16.08 15.15 12.76 10.66 9.71 9.46 9.23 8.66 8.01 7.23 6.65 6.55 6.89 7.14 7.51 7.87
5.40 5.67 5.82 5.95 6.10 6.96 8.17 8.08 7.96 8.32 8.65 9.41 9.33 9.80 10.41 10.82 10.72 10.61 11.14 11.60 11.43 10.80 10.17 10.06 10.37 10.30 10.17 10.55 10.88 11.04 10.92 10.51 10.28 10.33 9.43 7.61 7.08 8.86 10.96 12.32 12.95 12.96 12.57 12.23 12.20 12.67 13.45 14.45 14.84 13.26 11.05 9.81 10.33 10.86 10.70 10.52 10.33 10.56 8.72 9.12 9.70 10.42 10.91 11.18 11.51 12.52 14.82 16.73 16.16 13.61 11.27 10.13 9.64 9.18 8.59 7.96 7.13 6.52 6.56 8.31 7.40 7.71 7.83
5.91 6.33 6.48 6.54 6.51 6.95 8.12 8.19 8.06 8.43 8.75 9.12 9.26 9.56 10.02 10.42 10.62 10.77 11.06 11.45 11.22 10.69 10.22 10.00 10.16 10.19 10.02 10.36 10.99 11.42 11.34 11.03 10.37 9.87 9.08 7.52 6.54 7.47 9.52 11.30 12.70 13.62 13.51 12.79 12.40 12.81 13.58 14.28 14.50 13.35 11.15 9.75 9.96 11.03 11.12 10.54 10.37 9.84 9.60 9.69 10.12 10.75 11.15 11.50 11.89 12.61 14.47 16.79 16.95 14.97 12.63 11.22 10.25 9.37 8.62 7.99 7.22 6.60 6.72 7.20 7.63 7.99 8.14
6.39 6.87 7.07 7.14 7.10 7.27 8.20 8.41 8.26 8.59 8.93 9.19 9.22 9.38 9.69 9.99 10.30 10.80 11.23 11.43 11.09 10.59 10.26 10.09 10.02 10.08 10.08 10.39 11.31 12.00 11.97 11.91 10.97 9.41 8.18 7.07 6.26 6.71 8.31 9.77 11.26 12.94 14.10 13.66 12.84 13.11 13.80 14.11 13.70 12.48 10.91 9.73 9.37 9.88 10.32 9.92 9.90 9.92 9.92 10.09 10.47 10.96 11.30 11.65 12.17 12.82 14.06 16.20 17.41 16.31 14.36 12.92 11.58 10.14 9.03 8.35 7.71 7.12 7.11 7.49 7.80 8.19 8.77
6.66 7.27 7.61 7.65 7.67 7.76 8.45 8.72 8.55 8.79 9.18 9.24 9.26 9.24 9.36 9.52 9.79 10.49 11.22 11.37 11.00 10.49 10.05 9.95 9.90 9.90 10.14 10.63 11.48 12.38 12.59 12.72 11.87 9.57 7.65 6.56 5.86 6.21 7.49 8.75 9.94 11.79 13.59 14.37 13.62 13.65 14.23 14.33 13.46 11.85 10.38 9.50 9.00 8.98 9.33 9.51 9.49 9.54 9.86 10.25 10.65 11.05 11.35 11.56 12.15 12.90 13.77 16.04 17.51 16.89 15.79 14.58 13.35 11.68 10.14 9.28 8.58 7.93 7.82 8.01 8.28 8.79 9.53
6.65 7.43 8.00 8.12 8.19 7.98 8.78 9.10 8.94 9.11 9.30 9.56 9.45 9.19 9.07 9.09 9.30 10.00 10.94 11.24 10.79 10.34 9.75 9.33 9.32 9.49 9.96 10.71 11.38 12.42 13.05 12.88 12.82 10.70 8.23 6.71 5.83 5.76 6.81 7.86 8.78 10.40 12.55 13.81 13.89 14.24 14.58 14.58 13.54 11.56 10.02 9.33 9.07 8.77 8.98 9.38 9.32 9.36 9.76 10.29 10.67 10.97 11.30 11.36 11.73 12.47 13.26 14.46 15.80 16.39 16.15 15.46 14.56 13.31 11.71 10.59 9.85 9.13 8.77 8.80 9.05 9.69 10.65
6.50 7.29 8.02 8.39 8.58 8.38 8.86 9.19 9.33 9.55 9.78 10.07 9.80 9.27 8.95 8.90 9.10 9.67 10.53 10.94 10.46 10.07 9.52 8.68 8.30 8.55 9.11 10.13 11.38 12.49 13.38 13.38 13.13 12.08 9.80 7.85 6.52 5.85 6.42 7.27 8.08 9.30 11.02 12.50 13.22 14.10 14.90 14.58 13.19 11.37 10.12 9.44 9.29 8.86 8.81 9.16 9.17 9.14 9.45 10.14 10.53 10.58 10.92 11.19 11.37 11.89 12.73 13.91 15.01 15.45 15.58 15.38 14.85 14.13 12.98 11.73 11.06 10.48 9.72 9.59 10.06 10.83 11.87
6.49 7.18 7.89 8.40 8.72 8.62 9.12 9.43 9.39 9.71 10.33 10.71 10.32 9.57 9.12 9.01 9.20 9.64 10.30 10.27 9.95 9.63 9.26 8.40 7.55 7.56 8.03 9.18 10.91 12.33 13.30 13.58 13.47 12.82 11.24 9.61 8.13 6.75 6.56 7.38 8.23 8.95 9.86 11.08 12.06 13.49 14.82 14.33 12.52 11.11 10.47 10.04 10.25 8.47 8.70 8.99 9.08 9.09 9.35 9.94 10.34 10.33 10.53 11.04 11.38 11.66 12.48 13.82 14.73 14.87 14.84 14.80 14.54 14.23 13.62 12.47 11.75 11.56 10.67 10.15 10.95 12.01 13.02
6.52 7.20 7.86 8.32 8.67 8.66 9.20 9.54 9.58 9.95 10.70 11.26 10.97 10.25 9.70 9.50 9.56 9.80 10.24 10.35 9.97 9.60 9.21 8.42 7.55 7.05 7.43 8.05 9.63 11.49 13.04 13.68 13.65 13.01 11.88 10.84 9.83 8.47 7.74 8.21 8.72 8.90 9.41 10.43 11.39 12.82 14.13 13.36 11.37 10.31 10.33 10.48 9.79 8.88 8.66 8.79 9.00 9.34 9.75 10.07 10.42 10.61 10.71 11.06 11.53 11.75 12.48 13.85 14.52 14.49 14.30 14.08 14.00 14.00 13.80 12.95 11.60 12.10 11.64 10.76 11.37 12.78 13.89
6.63 7.30 7.82 8.16 8.57 8.62 9.10 9.47 9.62 9.96 10.71 11.44 11.41 10.96 10.54 10.28 10.12 10.11 10.33 10.35 9.92 9.53 9.22 8.64 7.83 7.49 7.32 7.60 8.22 9.87 11.72 13.28 13.68 13.02 12.02 11.25 10.71 9.90 9.33 9.47 9.39 9.21 9.66 10.47 11.43 12.59 12.96 11.71 9.95 9.19 9.72 10.19 9.94 9.28 8.76 8.61 8.81 9.51 10.16 10.34 10.64 11.04 11.25 11.38 11.70 12.09 12.83 13.79 14.20 14.21 13.95 13.50 13.51 13.81 13.73 13.21 12.56 12.24 12.37 11.71 11.54 12.99 14.50
6.95 7.59 7.89 8.00 8.43 8.51 8.96 9.30 9.49 9.82 10.46 11.53 11.71 11.36 10.42 10.29 10.12 10.00 10.11 10.18 10.14 9.77 9.46 8.99 8.28 7.97 7.95 7.74 7.82 8.67 10.24 12.04 13.15 12.85 11.99 11.33 10.99 10.60 10.41 10.55 10.21 9.90 10.23 10.74 11.77 12.63 11.88 10.37 9.04 8.52 9.21 9.80 9.78 9.48 9.02 8.63 8.73 9.60 10.28 10.43 10.78 11.32 11.70 11.88 12.08 12.68 13.36 13.59 13.77 14.02 13.72 13.20 13.40 13.88 13.79 13.43 13.01 12.40 12.74 12.87 12.20 12.66 14.39
7.26 7.87 8.08 8.03 8.26 8.25 8.79 9.12 9.23 9.58 10.13 11.07 11.10 11.31 11.24 11.15 10.72 10.44 10.35 10.38 10.18 9.86 9.67 9.27 8.75 8.51 8.48 8.26 8.22 8.50 9.36 10.78 11.92 12.16 11.69 11.04 10.86 10.81 10.88 11.12 10.86 10.58 10.73 10.98 12.01 12.65 11.20 9.40 8.27 7.99 8.76 9.42 9.57 9.44 9.17 8.83 8.86 9.63 10.26 10.42 10.86 11.49 11.92 12.31 12.71 13.38 13.75 13.36 13.32 13.70 13.41 13.00 13.35 13.97 14.11 13.84 13.35 12.71 13.01 13.80 13.15 12.32 13.75
7.53 8.08 8.30 8.27 8.26 8.07 8.65 9.02 9.05 9.42 9.93 10.64 10.71 11.09 11.25 11.26 10.90 10.38 10.21 10.35 10.23 10.01 9.75 9.34 9.07 8.95 8.87 8.65 8.63 8.88 9.24 10.05 10.68 11.16 11.15 10.68 10.66 10.83 10.98 11.29 11.28 11.07 11.17 11.34 12.26 12.66 10.80 8.61 7.32 7.23 8.08 8.81 9.11 9.10 9.02 8.89 9.00 9.54 10.11 10.35 10.84 11.50 11.95 12.60 13.42 14.09 14.09 13.39 12.54 13.14 13.04 12.97 13.20 13.86 14.48 14.47 13.97 13.44 13.69 14.51 13.84 12.45 13.20
7.78 8.22 8.49 8.56 8.47 8.14 8.60 9.03 9.05 9.33 9.81 10.11 10.37 10.82 11.10 11.23 10.97 10.30 9.85 9.88 9.92 9.91 9.74 9.32 9.12 9.15 9.22 8.99 9.21 9.24 9.40 9.79 10.03 10.36 10.57 10.45 10.58 10.81 10.95 11.29 11.50 11.33 11.44 11.67 12.55 12.81 10.72 8.21 6.68 6.56 7.38 8.09 8.44 8.54 8.63 8.75 9.05 9.41 9.75 10.07 10.67 11.24 11.68 12.65 13.89 14.71 14.60 13.84 13.19 12.49 12.36 12.95 13.25 13.72 14.58 14.93 14.90 14.89 15.00 15.16 14.38 13.37 12.66
7.91 8.29 8.61 8.76 8.72 8.36 8.63 9.12 9.17 9.27 9.67 9.93 10.12 10.51 10.89 11.12 10.98 10.28 9.68 9.54 9.44 9.49 9.42 9.27 9.10 9.26 9.49 9.49 9.45 9.46 9.53 9.73 9.83 9.88 10.06 10.27 10.52 10.75 10.89 11.24 11.58 11.49 11.64 11.94 12.78 13.06 10.99 8.20 6.38 6.16 6.87 7.51 7.80 7.96 8.16 8.47 8.93 9.25 9.41 9.69 10.38 10.92 11.39 12.49 13.94 15.12 15.41 14.80 13.72 12.09 11.34 12.38 13.40 14.00 14.75 15.09 15.59 16.57 16.87 16.17 14.08 12.99 11.93
7.92 8.30 8.65 8.85 8.88 8.53 8.70 9.20 9.31 9.27 9.57 9.79 9.95 10.38 10.79 11.01 10.98 10.32 9.61 9.35 8.94 8.77 8.79 8.92 8.95 9.20 9.58 9.66 9.58 9.49 9.48 9.65 9.67 9.60 9.75 10.07 10.38 10.64 10.82 11.14 11.51 11.57 11.77 12.11 12.85 13.33 11.54 8.49 6.32 5.95 6.58 6.86 7.07 7.23 7.53 8.08 8.69 9.03 9.12 9.32 9.97 10.68 11.34 12.32 13.56 15.03 16.31 16.40 15.01 12.59 10.85 11.32 12.85 14.15 15.00 15.27 15.96 17.68 18.86 17.60 13.74 11.83 11.34
