tests/Lakes/input/data20191001/wind_ninja_data/topo_windninja_topo_10-01-2019_0000_50m_vel.asc
ncols	157
nrows	169
xllcorner	319975.000000
yllcorner	4158275.000000
cellsize	50.000000
NODATA_value	-9999.000000
[rows 37 to 73 of 169, columns 0 to 82 of 157]
7.92 8.32 8.66 8.90 9.01 8.71 8.82 9.25 9.41 9.37 9.55 9.71 9.85 10.30 10.73 10.90 11.01 10.55 9.36 8.91 8.50 8.15 8.11 8.29 8.62 9.12 9.54 9.66 9.62 9.43 9.37 9.51 9.44 9.37 9.59 9.90 10.20 10.49 10.72 11.03 11.38 11.58 11.88 12.21 12.75 13.44 12.24 9.13 6.62 6.00 6.44 6.44 6.22 6.36 6.74 7.56 8.39 8.73 8.72 8.84 9.28 10.10 11.17 12.11 12.84 14.18 16.50 17.83 17.37 14.95 12.22 11.16 12.09 13.70 14.92 15.56 16.40 18.39 20.35 18.39 13.06 11.00 11.05
7.98 8.37 8.69 8.92 9.13 8.89 8.91 9.21 9.41 9.44 9.56 9.68 9.81 10.26 10.66 10.77 11.01 10.98 10.53 9.50 8.03 7.34 7.35 7.63 8.28 9.00 9.42 9.61 9.59 9.38 9.30 9.35 9.22 9.18 9.40 9.71 10.06 10.33 10.59 10.89 11.22 11.51 11.91 12.25 12.58 13.41 12.95 10.16 7.39 6.42 6.57 6.34 5.81 5.67 6.06 7.01 8.09 8.43 8.21 8.18 8.42 9.15 10.56 11.56 11.78 12.59 15.14 17.61 18.69 18.04 15.94 13.23 12.34 13.32 14.35 15.45 16.93 19.34 21.18 18.12 12.34 11.10 10.99
8.10 8.49 8.75 8.96 9.24 9.03 8.98 9.16 9.30 9.40 9.52 9.64 9.79 10.20 10.52 10.57 10.85 11.14 11.41 10.50 8.05 6.60 6.52 7.01 8.02 8.81 9.24 9.51 9.50 9.34 9.27 9.19 9.04 9.00 9.20 9.55 9.91 10.16 10.42 10.70 11.02 11.35 11.80 12.17 12.36 13.14 13.46 11.71 9.07 7.53 7.09 6.46 5.79 5.64 5.64 6.58 7.88 8.19 7.72 7.46 7.62 8.35 9.86 10.82 10.66 10.92 12.28 15.33 17.80 19.25 19.26 17.22 14.58 13.80 13.80 14.49 16.83 20.39 21.41 17.06 11.99 12.22 12.13
8.24 8.62 8.88 9.09 9.38 9.18 9.11 9.15 9.17 9.29 9.44 9.56 9.72 10.10 10.29 10.28 10.54 10.86 11.63 11.46 8.96 6.53 6.04 6.62 7.80 8.54 8.99 9.37 9.40 9.09 9.29 9.08 8.92 8.84 9.03 9.42 9.78 10.05 10.25 10.51 10.84 11.17 11.59 11.95 12.07 12.59 13.28 12.88 11.33 9.66 8.44 7.09 6.20 6.07 5.78 6.44 7.86 8.02 7.26 6.81 6.95 7.89 9.48 10.15 9.75 9.69 10.37 12.25 14.89 17.03 19.63 20.23 18.77 16.73 15.16 14.60 17.05 21.17 21.19 15.82 12.12 13.04 13.39
8.27 8.67 9.01 9.26 9.50 9.34 9.23 9.15 9.08 9.19 9.34 9.45 9.61 9.99 10.07 9.95 10.15 10.45 11.42 11.83 9.73 7.16 6.25 6.61 7.66 8.24 8.65 9.08 9.23 9.07 9.35 9.07 8.85 8.69 8.87 9.29 9.67 9.97 10.11 10.32 10.67 10.99 11.35 11.66 11.71 11.99 12.50 12.75 12.42 11.60 10.44 8.80 7.57 7.10 6.46 6.80 8.03 7.85 6.80 6.35 6.47 7.54 9.19 9.57 9.03 8.76 9.07 10.66 12.10 13.65 16.09 19.52 21.05 20.96 19.71 18.37 19.25 21.87 21.09 15.51 12.81 14.17 14.82
8.23 8.67 9.10 9.31 9.55 9.52 9.37 9.14 9.03 9.12 9.26 9.35 9.49 9.89 9.96 9.71 9.76 9.97 11.05 11.63 10.03 7.82 6.80 6.88 7.37 7.71 8.03 8.71 8.93 9.26 9.11 9.17 8.95 8.66 8.76 9.20 9.58 9.88 9.99 10.14 10.48 10.79 11.06 11.28 11.30 11.42 11.75 11.93 11.99 11.96 11.60 10.68 9.63 8.78 7.93 7.96 8.59 7.93 6.70 6.22 6.28 7.26 8.80 9.04 8.47 7.96 7.83 9.15 10.61 10.91 12.37 14.80 18.18 20.79 22.12 22.17 22.22 23.25 22.02 16.88 14.55 15.42 15.90
8.18 8.75 9.30 9.35 9.54 9.69 9.61 9.28 9.04 9.10 9.23 9.29 9.40 9.78 9.95 9.70 9.55 9.58 10.64 11.39 9.92 8.19 7.26 7.13 7.38 7.89 7.85 8.42 8.57 8.98 9.20 9.18 9.06 8.73 8.77 9.18 9.49 9.78 9.88 9.98 10.32 10.61 10.76 10.87 10.88 10.93 11.17 11.26 11.30 11.33 11.26 11.13 10.72 10.06 9.49 9.36 9.37 8.36 7.06 6.40 6.30 7.27 8.59 8.62 8.07 7.47 7.02 7.81 9.27 9.48 9.52 11.29 12.98 15.03 18.44 22.30 24.19 24.97 23.93 19.66 17.16 17.28 17.23
8.04 8.78 9.42 9.44 9.59 9.72 9.79 9.50 9.10 9.06 9.19 9.23 9.30 9.66 9.91 9.80 9.50 9.34 10.37 10.96 9.69 8.34 7.58 7.37 7.68 7.67 8.03 8.19 8.22 8.57 8.81 8.94 8.97 8.76 8.84 9.17 9.43 9.67 9.78 9.87 10.20 10.46 10.48 10.47 10.47 10.51 10.69 10.76 10.81 10.77 10.54 10.65 10.26 10.42 9.83 9.86 9.94 8.91 7.62 6.63 6.36 7.40 8.54 8.38 7.84 7.18 6.92 7.42 8.40 8.44 8.02 8.66 10.68 11.92 14.02 18.87 22.83 25.17 24.59 22.52 20.37 20.01 19.23
7.91 8.72 9.30 9.40 9.67 9.65 9.83 9.66 9.16 8.99 9.08 9.10 9.15 9.54 9.87 9.84 9.43 9.16 10.20 10.68 9.42 8.28 7.70 7.54 7.67 7.44 7.82 7.97 7.87 8.13 8.37 8.49 8.62 8.68 8.87 9.14 9.36 9.55 9.66 9.77 10.09 10.32 10.25 10.14 10.13 10.16 9.70 10.25 10.36 10.35 10.13 10.26 10.55 10.50 10.44 10.29 10.44 9.58 8.55 7.33 6.80 7.66 8.47 8.23 7.71 7.15 7.18 7.51 8.13 8.05 7.40 7.49 9.37 10.37 12.32 16.17 20.30 23.11 23.88 22.74 22.03 22.55 21.91
7.92 8.71 9.19 9.32 9.68 9.59 9.76 9.72 9.20 8.90 8.87 8.81 8.86 9.38 9.86 9.74 9.30 9.09 9.99 10.46 9.29 8.19 7.68 7.49 7.27 6.92 7.22 7.46 7.52 7.69 7.95 8.04 8.18 8.51 8.81 9.03 8.73 9.42 9.54 9.70 9.98 10.17 10.10 9.95 9.89 9.89 9.85 9.72 9.76 9.76 9.64 9.83 10.27 10.51 10.54 10.44 10.80 10.30 9.65 8.63 7.95 8.18 8.75 8.27 7.64 7.10 7.15 7.58 8.05 7.97 7.43 7.35 8.91 9.81 11.23 14.15 18.09 21.16 22.04 21.66 21.72 23.65 24.47
7.93 8.70 9.29 9.46 9.71 9.57 9.73 9.75 9.28 8.84 8.62 8.36 8.27 8.97 9.63 9.43 9.15 9.21 9.83 10.16 9.19 8.25 7.56 7.31 7.46 6.84 7.36 7.43 7.14 7.24 7.51 7.65 7.88 8.34 8.69 8.88 9.09 9.28 9.42 9.60 9.83 9.96 9.94 9.83 9.77 9.73 9.61 8.86 9.12 9.08 9.06 9.31 9.89 10.36 10.39 10.22 10.60 10.40 10.07 9.42 8.55 8.67 9.01 8.45 7.66 6.99 7.14 7.60 7.96 7.83 7.51 7.54 9.03 10.11 11.16 13.16 16.43 19.69 20.83 20.55 20.57 22.90 25.46
7.86 8.55 9.36 9.80 9.91 9.63 9.72 9.79 9.48 8.96 8.51 8.00 7.61 8.34 9.08 8.90 8.94 9.31 9.81 9.58 9.08 8.20 7.48 7.27 7.01 6.99 7.17 7.14 6.77 6.77 7.01 7.28 7.68 8.14 8.49 8.72 8.88 9.10 9.33 9.50 9.64 9.74 9.76 9.66 9.61 9.65 9.56 8.76 8.62 8.46 8.53 8.75 9.41 10.09 10.20 10.19 9.68 10.04 9.85 9.05 8.74 9.02 8.98 8.49 7.71 6.84 7.15 7.57 7.82 7.60 7.40 7.54 8.60 10.43 11.91 13.57 15.76 18.59 20.13 19.97 19.57 21.06 25.15
8.09 8.39 9.16 10.03 10.25 9.83 9.68 9.86 9.75 9.24 8.57 7.78 7.15 7.65 8.34 8.29 8.60 9.16 9.78 10.09 9.37 8.24 7.52 7.25 6.83 6.47 6.57 6.71 6.31 6.22 6.39 6.85 7.45 7.90 8.24 8.50 8.66 8.93 9.28 9.45 9.44 9.52 9.60 9.42 9.27 9.44 9.47 8.92 8.23 7.96 8.03 8.24 8.85 9.65 9.98 9.97 9.39 9.76 9.68 9.37 8.81 9.07 8.92 8.44 7.75 7.15 7.12 7.52 7.66 7.32 7.03 7.16 8.07 9.96 11.95 13.67 15.26 17.57 19.67 19.85 19.17 19.68 22.71
8.80 8.60 8.89 9.99 10.57 10.01 9.60 9.98 10.01 9.51 8.79 7.76 6.86 6.95 7.50 7.63 8.09 8.78 9.72 10.24 9.08 8.19 7.77 7.33 6.77 6.51 6.47 6.15 5.70 5.57 5.73 6.33 7.08 7.54 7.93 8.24 8.43 8.75 9.23 9.42 9.28 9.33 9.49 9.22 8.88 9.09 9.13 8.52 7.90 7.58 7.60 7.83 8.32 9.10 9.64 9.74 9.56 9.51 9.59 9.42 9.17 8.83 8.95 8.41 7.77 7.21 7.12 7.46 7.51 7.08 6.62 6.58 7.21 8.68 10.64 12.68 14.16 15.98 18.76 19.91 19.23 19.05 20.46
9.60 9.19 8.98 9.91 10.65 9.95 9.63 10.25 10.22 9.70 9.08 8.10 6.74 6.28 6.62 6.86 7.46 8.30 9.75 10.36 8.91 7.98 8.26 7.62 6.73 6.36 6.10 5.56 5.10 4.95 5.04 5.72 6.55 7.10 7.55 7.86 8.14 8.57 9.13 9.37 9.24 9.28 9.48 9.18 8.75 8.86 8.62 7.96 7.48 7.19 7.20 7.48 7.81 8.43 9.14 9.40 9.25 9.21 9.38 9.35 9.11 8.81 8.95 8.38 7.70 7.15 7.04 7.33 7.36 6.94 6.34 6.08 6.50 7.69 9.25 11.23 12.82 14.10 16.91 19.46 19.51 18.93 19.32
10.20 9.81 9.45 10.01 10.32 9.62 9.79 10.67 10.50 9.92 9.40 8.52 7.01 5.92 5.66 5.95 6.73 7.77 9.77 10.52 8.62 8.07 8.64 8.06 6.90 6.17 5.67 5.09 4.71 5.88 7.17 4.98 5.69 6.33 6.94 7.36 7.79 8.38 8.95 9.20 9.18 9.30 9.53 9.35 9.03 8.80 8.06 7.39 7.07 6.79 6.86 7.19 7.41 7.85 8.62 9.02 8.97 8.92 9.09 9.17 8.99 8.84 8.87 8.40 7.68 7.07 6.89 7.14 7.19 6.87 6.24 5.83 6.13 7.21 8.07 10.02 11.62 12.58 14.42 17.84 19.48 19.26 19.05
10.66 10.37 10.10 10.10 9.66 9.11 9.78 11.06 11.08 10.29 9.61 8.82 7.46 6.00 5.00 6.32 5.93 7.17 9.49 10.54 8.70 8.13 8.82 8.50 7.27 6.00 5.35 4.91 7.08 6.55 6.35 6.77 7.13 7.39 6.02 6.73 7.41 8.17 8.70 8.89 8.97 9.23 9.49 9.61 9.58 8.79 7.49 6.97 6.77 6.54 6.69 7.04 7.15 7.40 8.15 8.65 8.71 8.68 8.79 8.94 8.85 8.75 8.73 8.43 7.79 7.09 6.74 6.91 6.97 6.72 6.20 5.77 5.92 6.38 7.57 9.00 10.37 11.43 12.55 15.14 18.12 19.34 19.32
11.03 10.96 10.76 9.87 8.75 8.51 9.53 11.33 11.72 10.76 9.73 8.99 7.85 6.15 4.61 5.81 6.17 6.49 8.99 10.39 8.92 8.32 8.86 8.77 7.53 8.21 7.57 6.78 6.30 6.90 6.88 6.10 6.41 3.97 5.02 6.01 6.91 7.85 8.39 8.53 8.67 8.97 9.27 9.85 10.10 8.68 7.07 6.67 6.54 6.43 6.66 7.04 7.04 7.11 7.77 8.33 8.51 8.23 8.58 8.70 8.68 8.57 8.53 8.38 7.94 7.27 6.74 6.71 6.72 6.49 6.09 5.77 5.87 6.17 7.14 7.75 9.15 10.18 11.27 12.83 15.39 18.07 19.30
11.69 11.70 10.99 9.10 8.26 8.03 9.44 11.56 12.27 11.07 9.89 9.14 8.02 6.18 4.44 5.50 5.78 5.84 8.32 10.08 10.59 8.77 8.81 10.42 9.52 8.11 7.33 6.98 7.04 6.85 5.91 6.37 3.85 3.14 3.96 5.20 6.24 7.36 8.01 8.19 8.36 8.61 8.98 10.00 10.35 8.74 7.13 6.59 6.39 6.41 6.73 7.09 7.06 7.07 7.57 8.04 8.03 8.11 8.20 8.48 8.52 8.41 8.31 8.21 7.97 7.50 6.76 6.75 6.60 6.32 5.97 5.72 5.86 6.11 6.29 7.16 7.82 9.03 10.03 11.42 12.96 15.45 18.16
13.36 12.66 10.32 7.68 6.85 7.63 9.55 12.07 12.90 11.27 9.99 9.66 7.91 5.81 5.02 5.46 5.60 5.07 7.29 9.35 10.65 8.97 9.03 10.45 9.16 8.10 8.14 7.42 7.59 7.22 6.30 6.99 4.12 5.36 3.39 5.41 5.50 6.67 7.48 7.83 8.05 8.28 8.80 9.93 9.97 9.08 7.84 6.98 6.49 6.45 6.82 7.12 7.13 7.19 7.49 7.78 8.13 7.99 8.03 8.28 8.38 8.28 8.13 7.99 7.79 7.52 7.14 6.83 6.59 6.29 5.95 5.66 5.78 6.09 6.16 6.75 7.15 7.76 8.91 10.20 11.60 13.10 15.83
15.42 13.09 8.91 6.10 6.13 7.42 9.71 12.53 13.60 12.01 10.16 9.40 8.01 5.78 5.62 5.57 5.59 5.19 6.39 8.56 10.44 10.21 10.19 10.22 8.96 8.02 7.96 8.04 7.88 6.50 6.71 7.05 7.00 5.64 3.18 3.82 4.86 5.92 6.81 7.42 7.71 8.01 8.66 9.42 9.58 9.29 8.71 7.82 7.13 6.83 6.97 7.15 7.23 7.35 7.48 7.62 7.95 8.21 8.12 8.09 8.22 8.17 7.99 7.81 7.60 7.40 7.11 6.81 6.57 6.31 6.02 5.71 5.70 6.00 6.08 5.97 6.66 7.10 7.58 8.89 10.31 11.65 13.39
15.62 13.33 8.20 5.44 5.71 7.23 9.87 12.47 14.52 13.64 10.44 8.65 7.23 5.51 5.61 5.63 5.70 5.66 6.15 8.15 10.28 10.42 10.05 9.73 8.72 7.80 6.18 7.62 7.73 6.55 6.24 7.50 7.62 3.31 3.01 3.53 4.83 5.12 6.03 6.81 7.29 7.79 8.38 8.51 8.61 9.06 9.24 8.71 8.09 7.64 7.37 7.29 7.39 7.53 7.52 7.57 7.83 8.02 7.95 7.93 8.06 8.05 7.86 7.68 7.50 7.32 7.08 6.75 6.51 6.34 6.14 5.86 5.74 5.89 5.92 5.80 5.82 6.62 6.95 7.40 8.81 10.25 11.67
14.34 13.72 10.45 6.53 5.94 7.40 9.88 12.27 15.21 15.05 10.45 7.53 6.01 5.30 5.12 5.99 6.03 6.13 6.16 8.01 9.35 10.42 9.56 7.60 6.30 6.40 7.37 7.31 7.52 6.34 6.24 6.95 6.29 4.28 3.32 3.48 4.34 5.11 5.19 6.05 6.92 7.66 7.59 7.44 7.55 8.31 9.09 9.22 8.80 8.41 7.93 7.56 7.60 7.72 7.64 7.60 7.74 7.85 7.81 7.80 7.92 7.93 7.76 7.60 7.45 7.28 7.06 6.73 6.43 6.30 6.19 6.01 5.87 5.86 5.78 5.64 5.66 5.80 6.55 6.83 7.34 8.78 10.18
11.93 13.20 12.42 9.02 6.98 7.31 9.68 12.32 15.24 15.92 11.28 6.21 5.12 5.05 5.28 6.27 5.25 6.44 6.15 7.92 9.45 10.64 7.45 6.50 6.26 8.13 7.56 7.02 7.04 5.29 5.91 6.76 6.72 5.61 4.53 3.96 3.90 4.06 4.45 5.35 6.70 7.20 6.85 6.37 6.39 7.03 8.10 8.91 9.01 8.84 8.41 7.92 7.84 7.89 7.77 7.66 7.67 7.69 7.68 7.67 7.76 7.76 7.64 7.52 7.41 7.26 7.06 6.76 6.42 6.22 6.15 6.09 5.99 5.92 5.77 5.59 5.58 5.69 5.78 6.51 6.86 7.43 8.84
9.34 11.38 12.81 11.28 9.03 7.85 9.73 12.66 14.86 16.43 13.93 6.58 3.96 4.56 6.24 5.10 6.42 6.57 6.07 7.78 9.63 9.18 7.31 6.32 8.34 8.33 7.87 7.12 4.82 5.09 5.58 6.00 6.46 6.35 5.63 4.64 3.40 4.22 3.89 5.10 6.38 6.55 5.91 5.40 5.31 5.72 6.67 7.84 8.49 8.69 8.51 8.20 8.09 8.06 7.90 7.71 7.61 7.56 7.54 7.53 7.59 7.61 7.54 7.45 7.37 7.24 7.08 6.85 6.52 6.23 6.10 6.08 6.03 5.95 5.80 5.62 5.54 5.59 5.65 5.72 6.59 7.06 8.05
7.01 9.25 11.76 11.88 10.61 9.29 9.93 12.16 14.13 16.36 16.07 10.62 4.08 3.83 4.84 5.14 6.26 5.22 6.79 7.46 9.78 9.40 7.40 8.51 8.52 8.46 8.08 5.70 5.42 5.38 5.51 5.46 5.93 6.79 6.37 5.26 4.40 4.33 3.77 5.02 5.83 5.48 4.79 4.52 4.53 4.97 5.71 6.68 7.64 8.22 8.32 8.26 8.25 8.16 7.93 7.71 7.57 7.49 7.44 7.38 7.40 7.44 7.41 7.36 7.30 7.21 7.08 6.91 6.65 6.36 6.14 6.05 5.99 5.90 5.77 5.63 5.53 5.49 5.58 5.61 5.82 6.86 7.34
5.60 7.22 10.02 10.95 10.60 10.15 10.14 11.62 13.80 15.57 16.96 13.78 6.06 3.92 4.42 4.74 5.89 6.05 6.64 6.97 9.49 9.38 7.59 8.91 8.76 8.58 8.35 6.24 6.21 6.05 5.73 5.14 5.77 6.98 6.93 5.89 4.54 4.06 4.23 6.68 5.47 4.34 3.74 3.68 3.86 4.43 5.01 5.64 6.69 7.66 8.01 8.21 8.36 8.27 7.92 7.63 7.52 7.47 7.36 7.23 7.20 7.24 7.26 7.23 7.19 7.14 7.06 6.93 6.74 6.51 6.28 6.09 5.97 5.84 5.70 5.61 5.53 5.46 5.49 5.52 5.64 6.02 7.10
4.99 6.04 8.61 9.70 9.80 10.08 10.79 11.74 13.22 14.94 17.24 15.68 8.65 4.41 4.24 4.21 4.03 5.85 5.40 6.58 9.67 8.96 7.54 9.05 9.00 8.94 8.52 6.58 6.87 6.82 6.16 5.30 5.88 7.05 7.18 6.21 5.05 4.85 6.06 5.90 4.74 3.32 2.87 2.91 3.30 4.03 4.46 4.91 5.92 7.07 7.64 8.09 8.47 8.44 7.94 7.47 7.37 7.37 7.25 7.05 6.98 7.03 7.08 7.08 7.04 7.01 6.99 6.90 6.76 6.61 6.46 6.24 6.05 5.89 5.69 5.54 5.46 5.43 5.39 5.37 5.46 5.69 6.71
4.77 5.50 7.72 8.86 9.21 9.79 10.72 11.34 12.58 14.71 16.72 17.08 13.18 6.10 4.07 3.70 4.73 4.29 5.27 6.52 8.04 8.16 7.75 9.42 9.45 7.87 8.94 6.83 7.20 7.42 6.70 5.88 6.27 7.25 7.24 6.21 5.39 6.96 7.06 5.97 4.75 3.54 3.40 3.46 2.90 3.52 3.81 4.32 5.20 6.26 7.22 7.88 8.55 8.74 8.15 7.35 7.08 7.12 7.05 6.85 6.75 6.81 6.86 6.83 6.81 6.79 6.84 6.79 6.70 6.63 6.57 6.40 6.18 6.02 5.80 5.54 5.37 5.38 5.36 5.27 5.31 5.45 5.75
4.72 5.10 6.92 8.17 8.68 9.68 10.53 10.90 11.89 13.83 15.70 17.27 16.07 10.54 4.67 3.52 4.79 5.04 5.13 6.58 7.15 7.09 7.30 7.94 9.49 9.43 7.73 8.65 7.40 7.63 6.98 6.23 6.48 7.39 7.20 6.27 5.85 8.05 7.98 5.74 4.03 3.83 3.71 3.83 3.89 4.32 3.86 3.79 4.54 5.53 6.65 7.55 8.43 9.08 8.61 7.66 6.82 6.77 6.73 6.59 6.55 6.64 6.71 6.60 6.49 6.48 6.57 6.60 6.55 6.54 6.58 6.49 6.29 6.17 5.99 5.64 5.39 5.37 5.40 5.24 5.11 5.19 5.40
4.58 4.76 6.26 7.60 8.28 9.61 10.42 10.63 11.51 13.05 14.52 16.16 17.12 14.14 6.80 4.06 3.82 4.14 5.35 6.34 6.21 5.93 6.38 7.53 8.09 8.12 9.50 7.52 7.74 7.64 6.95 6.39 6.63 7.27 7.07 6.48 6.40 8.94 7.41 5.34 3.93 4.23 4.21 3.20 3.49 3.39 4.05 3.68 3.91 4.75 5.76 7.05 7.97 9.08 9.75 8.59 6.96 6.46 6.33 6.21 6.35 6.53 6.70 6.52 6.14 6.02 6.18 6.28 6.30 6.35 6.49 6.50 6.36 6.28 6.16 5.80 5.46 5.38 5.42 5.24 4.97 4.90 5.04
4.34 4.46 5.79 7.16 8.81 10.19 10.53 10.61 11.57 12.61 13.75 14.97 17.06 16.08 10.00 4.78 4.47 4.99 5.71 6.07 5.51 5.18 6.99 6.62 7.54 8.01 8.08 8.54 8.75 7.76 6.93 6.68 6.83 7.11 6.98 6.82 8.99 7.86 9.14 5.28 4.88 3.85 3.76 4.64 3.25 3.19 3.19 3.45 3.87 4.07 5.02 6.15 7.16 8.50 10.09 9.60 7.85 6.61 5.95 5.82 6.07 6.40 6.87 6.72 5.86 5.45 5.62 5.78 5.90 6.04 6.26 6.42 6.38 6.31 6.24 5.95 5.59 5.41 5.41 5.25 4.94 4.69 4.66
3.98 3.99 5.16 6.39 8.25 9.89 10.88 11.03 11.68 12.43 13.12 14.12 16.07 17.21 13.42 5.63 4.83 5.77 5.95 5.76 6.91 6.28 4.79 6.77 6.79 7.93 8.17 9.01 9.39 7.97 6.78 6.76 6.97 6.93 6.90 7.70 7.49 8.66 7.96 6.51 3.75 4.13 3.45 4.67 3.15 2.94 3.04 3.37 3.76 4.39 4.84 5.33 6.25 7.57 9.59 10.30 8.97 7.28 6.10 5.65 5.79 6.21 7.22 7.29 5.88 4.94 4.99 5.19 5.37 5.58 5.88 6.20 6.35 6.29 6.22 6.06 5.75 5.49 5.38 5.24 4.99 4.62 4.42
3.61 3.41 4.16 5.95 6.74 8.75 10.24 11.08 11.82 12.51 12.81 13.46 14.91 17.16 15.92 9.22 5.69 6.31 6.13 5.39 5.26 4.91 6.01 4.83 5.79 7.38 8.32 9.09 9.16 7.74 6.50 6.50 6.79 6.69 7.22 9.45 8.21 9.45 8.81 6.03 4.56 5.80 4.87 3.08 3.18 3.05 1.76 3.64 4.19 4.63 4.67 4.56 5.38 6.87 8.64 10.00 9.67 8.06 6.73 6.15 5.79 6.11 7.50 8.07 6.56 4.85 4.33 4.58 4.80 5.02 5.36 5.87 6.23 6.26 6.15 6.06 5.90 5.59 5.34 5.22 5.02 4.59 4.31
3.47 3.11 3.40 4.25 5.23 6.98 8.63 10.15 11.41 12.31 12.72 13.03 13.92 15.96 16.62 14.58 10.38 7.88 6.21 5.36 5.07 4.83 4.72 5.96 5.01 6.76 8.45 9.75 9.19 7.27 6.31 6.19 6.38 6.64 7.15 7.81 8.73 10.05 10.16 8.08 7.82 6.56 2.99 3.18 3.16 2.15 3.04 3.72 4.10 4.61 4.52 4.03 5.12 6.72 8.03 9.28 9.56 8.48 7.38 6.89 6.32 6.28 7.63 8.72 7.66 5.44 4.11 3.98 4.15 4.42 4.72 5.37 5.96 6.17 6.06 5.97 5.94 5.68 5.34 5.19 5.01 4.56 4.23
3.38 3.10 3.38 3.85 3.96 5.83 7.05 8.71 10.54 11.77 12.44 12.64 13.12 14.25 16.05 15.76 14.84 12.51 7.98 5.39 4.94 4.69 4.60 4.42 4.46 5.61 8.54 10.00 8.82 6.92 6.13 5.92 5.89 6.18 6.69 7.27 8.20 9.64 10.72 11.86 10.40 5.98 3.81 2.62 3.36 2.41 3.89 3.87 4.30 4.95 4.36 3.77 5.35 6.85 7.95 8.85 8.79 8.52 7.67 7.36 6.99 6.74 7.79 9.28 8.86 6.48 4.45 3.84 3.80 3.78 3.94 4.73 5.49 5.93 5.97 5.89 5.91 5.73 5.39 5.19 5.02 4.60 4.28
3.23 3.19 3.58 3.53 3.89 4.71 6.02 7.28 9.40 11.10 12.01 12.29 12.49 12.62 13.50 14.73 16.02 15.41 12.62 7.10 5.11 4.73 4.62 4.34 4.09 5.11 8.61 10.11 8.35 6.77 5.98 5.75 5.51 5.52 6.13 7.08 7.83 8.92 10.76 12.40 9.99 7.92 4.91 3.20 2.55 3.51 3.66 3.67 4.63 5.23 4.50 3.60 5.20 6.81 7.96 8.70 8.49 8.50 7.83 7.50 7.37 7.12 7.81 9.55 9.99 7.99 5.44 4.22 3.77 3.48 3.46 4.14 4.93 5.55 5.83 5.87 5.85 5.70 5.46 5.24 5.03 4.64 4.37
