tests/Lakes/input/data20191001/wind_ninja_data/topo_windninja_topo_10-01-2019_0000_50m_vel.asc
ncols	157
nrows	169
xllcorner	319975.000000
yllcorner	4158275.000000
cellsize	50.000000
NODATA_value	-9999.000000
[rows 74 to 110 of 169, columns 0 to 82 of 157]
3.10 3.27 3.61 3.56 3.96 4.44 5.68 6.26 8.08 10.19 11.48 11.93 11.64 11.60 11.68 12.49 14.14 15.89 15.42 12.56 7.89 5.60 5.07 4.68 4.24 5.33 8.81 9.61 7.94 6.67 5.81 5.50 5.27 5.10 5.70 6.84 8.28 9.56 11.53 10.54 10.60 9.31 6.41 4.18 2.69 2.42 3.54 3.68 4.81 4.57 4.86 3.59 4.82 6.44 7.70 8.43 8.30 8.32 7.76 7.50 7.32 7.12 7.42 9.03 10.79 9.86 7.24 5.23 4.12 3.43 3.22 3.57 4.36 5.04 5.57 5.80 5.78 5.65 5.53 5.37 5.06 4.66 4.46
2.95 3.25 3.43 3.31 3.87 4.16 5.45 5.77 6.92 9.13 10.91 11.39 11.05 10.52 10.72 11.45 12.43 14.06 15.23 15.22 12.52 8.70 6.73 5.78 5.20 6.62 9.08 9.00 7.67 6.69 5.71 5.27 6.01 5.13 6.10 6.43 7.87 9.18 9.53 10.90 11.07 10.32 8.44 5.72 3.35 2.25 2.38 3.46 4.66 3.34 4.72 3.79 4.49 5.99 7.31 7.97 8.27 8.34 8.20 7.55 7.22 7.02 6.98 7.95 10.03 10.90 9.21 6.92 5.09 3.75 3.22 3.32 3.77 4.49 5.16 5.58 5.64 5.57 5.55 5.51 5.20 4.73 4.54
2.84 3.27 3.42 3.09 3.38 3.97 5.21 5.41 6.27 8.37 10.37 10.76 10.28 9.82 9.93 10.75 11.49 12.22 13.65 15.44 14.27 11.86 9.31 7.76 7.08 8.20 9.58 8.72 7.57 6.79 5.88 5.22 5.88 5.79 6.03 6.44 7.01 7.81 9.03 10.99 11.34 10.81 9.92 7.87 4.74 2.44 2.21 3.15 4.09 2.76 3.35 5.48 4.11 5.60 6.89 7.46 7.79 8.47 8.31 7.57 7.16 6.81 6.85 7.13 8.71 10.61 10.36 8.57 6.62 4.61 3.46 3.25 3.49 4.05 4.72 5.28 5.46 5.46 5.49 5.56 5.39 4.93 4.64
2.87 3.41 3.60 3.19 3.37 3.88 5.04 5.15 5.97 8.09 9.84 10.16 9.58 9.11 9.22 9.74 10.62 11.43 12.34 13.42 13.21 12.51 10.32 8.56 8.05 9.16 10.29 9.16 7.65 6.74 6.00 6.26 5.85 5.71 5.61 5.82 6.20 6.74 8.28 10.71 11.62 11.08 10.54 9.39 6.25 2.86 2.20 3.53 3.55 2.16 2.80 3.35 3.87 5.15 6.45 7.11 7.11 8.04 8.34 7.66 7.10 6.91 6.91 6.84 7.61 9.60 10.57 9.70 7.94 5.83 4.04 3.35 3.36 3.72 4.34 4.93 5.27 5.36 5.33 5.44 5.50 5.20 4.81
3.03 3.53 3.72 3.45 3.55 3.89 4.87 4.95 5.89 8.08 9.26 9.32 8.93 8.56 8.47 9.07 9.79 10.50 11.41 11.98 12.83 13.09 10.24 8.00 7.65 9.04 10.60 9.75 7.80 6.52 5.84 6.20 5.82 5.41 5.04 5.22 5.53 6.06 7.27 9.81 11.52 11.54 11.07 10.29 7.05 3.40 3.30 3.55 3.33 2.95 2.24 2.85 3.52 4.47 6.01 6.50 6.81 7.21 8.20 7.77 6.97 7.13 7.10 6.92 6.93 8.30 10.11 10.38 8.90 6.89 4.89 3.66 3.32 3.46 4.04 4.61 5.06 5.24 5.14 5.18 5.43 5.43 5.08
3.32 3.62 3.71 3.67 3.87 4.03 4.79 4.89 6.07 8.05 8.76 8.55 8.34 8.18 8.07 8.69 9.38 9.78 10.42 11.17 12.23 13.25 10.61 7.75 7.17 8.42 10.37 10.20 8.10 6.26 5.40 5.22 5.95 5.43 5.11 5.21 5.09 5.63 6.51 8.69 10.68 11.55 11.80 11.17 7.88 4.20 3.62 3.71 3.39 2.88 1.98 2.48 3.07 3.81 5.36 6.69 6.81 7.38 7.71 7.65 6.76 7.01 7.64 7.26 6.60 7.06 9.01 10.48 9.81 7.86 5.78 4.15 3.36 3.30 3.72 4.34 4.88 5.14 5.01 4.93 5.20 5.48 5.33
3.75 3.76 3.62 3.71 3.93 4.07 4.81 5.01 6.38 7.85 8.25 8.04 7.93 7.77 7.74 8.29 9.00 9.45 9.79 10.44 11.87 13.06 11.45 8.15 6.87 7.81 9.65 10.39 8.79 6.36 5.17 5.28 6.29 5.90 4.84 5.63 5.80 5.46 6.22 8.11 9.99 11.30 12.21 11.92 8.72 5.05 3.98 3.95 3.45 4.10 2.01 2.30 4.62 5.00 4.34 5.99 6.95 7.43 7.78 7.32 6.53 6.87 7.79 7.83 6.73 6.26 7.75 9.85 10.33 8.94 6.75 4.78 3.56 3.20 3.38 4.02 4.66 5.04 5.00 4.78 4.93 5.34 5.40
4.22 4.04 3.69 3.73 3.94 4.45 4.78 5.22 6.55 7.42 7.74 7.57 7.60 7.19 6.97 8.07 8.61 9.07 9.52 10.02 11.30 13.15 12.41 8.97 7.07 7.41 8.78 10.12 9.10 6.47 5.01 5.19 6.10 5.95 5.71 5.61 5.33 5.41 5.98 7.66 9.62 11.17 12.47 12.54 9.45 5.65 4.30 3.43 3.76 4.17 2.12 4.09 3.87 4.30 3.61 5.23 6.75 7.74 7.99 7.38 6.79 7.05 7.75 8.33 7.31 5.97 6.80 8.82 10.22 9.90 7.87 5.60 4.01 3.25 3.17 3.56 4.34 4.84 4.98 4.76 4.78 5.14 5.30
4.49 4.30 3.89 3.91 4.06 4.53 4.97 5.57 5.55 7.23 7.29 7.19 7.20 6.81 6.60 7.73 8.25 8.68 9.15 9.75 10.82 13.45 13.13 10.29 7.70 7.17 8.41 9.72 8.75 6.01 4.49 4.40 5.14 5.28 5.27 5.27 5.01 5.33 5.75 7.17 9.19 11.00 12.72 13.27 10.28 6.18 4.03 3.72 4.12 4.45 3.58 4.19 3.84 4.00 3.10 4.34 6.15 7.75 8.18 7.60 7.27 7.03 7.49 8.50 7.89 6.08 6.22 7.77 9.56 10.33 8.97 6.66 4.72 3.58 3.14 3.28 3.93 4.51 4.82 4.86 4.86 5.06 5.18
4.68 4.44 4.08 4.15 4.49 4.88 5.39 5.03 6.39 6.91 6.87 6.88 6.53 6.37 6.16 7.35 7.83 8.38 8.83 9.44 10.47 12.88 13.43 11.71 8.61 7.35 8.52 9.51 8.26 5.49 4.10 3.72 3.94 4.53 4.39 4.94 4.80 5.16 5.63 6.81 8.67 10.59 12.61 13.98 10.99 6.11 4.26 3.67 3.73 4.79 4.95 4.40 4.08 3.93 3.91 3.71 5.33 7.42 8.31 8.00 7.65 7.11 7.41 8.35 8.00 6.40 5.95 6.87 8.61 9.90 9.66 7.82 5.66 4.19 3.40 3.20 3.47 4.08 4.47 4.73 4.90 5.05 5.12
4.76 4.59 4.37 4.44 4.54 4.54 4.84 5.98 6.35 6.60 6.08 6.22 6.25 5.99 5.73 6.89 7.38 7.95 8.50 9.17 10.16 12.20 14.34 12.80 9.64 7.87 8.87 9.43 7.71 5.18 4.27 4.75 4.51 4.35 4.62 5.31 4.41 4.77 5.34 6.47 8.27 10.09 11.94 14.44 11.88 5.71 4.59 4.23 4.28 4.79 3.98 4.42 4.28 4.03 3.93 3.47 4.69 6.77 8.31 8.84 8.46 7.36 7.65 8.22 7.68 6.67 6.00 6.32 7.70 9.02 9.57 8.70 6.67 4.96 3.87 3.34 3.28 3.64 4.05 4.41 4.75 4.93 5.04
4.49 4.58 4.52 4.48 4.48 4.63 5.48 5.94 6.23 5.74 5.81 5.91 5.93 5.72 5.48 6.54 7.01 7.55 8.13 8.95 9.91 11.59 13.87 13.15 10.65 8.67 9.33 9.33 6.98 4.77 4.29 4.09 4.48 4.25 4.50 5.12 4.09 4.38 4.91 5.96 7.66 9.28 10.78 14.48 12.53 5.69 4.70 4.53 4.40 4.66 3.91 4.34 4.24 4.02 3.84 3.44 4.32 5.99 8.18 9.26 9.32 8.14 8.09 8.08 7.30 6.72 6.31 6.35 7.15 8.11 8.86 8.88 7.45 5.76 4.45 3.64 3.30 3.42 3.69 4.04 4.48 4.74 4.87
4.07 4.25 4.48 4.50 5.10 4.60 4.72 5.16 6.15 5.63 5.59 5.58 5.60 5.50 5.45 6.32 6.73 7.23 7.84 8.63 9.59 11.08 13.28 13.99 11.34 9.66 9.74 9.10 6.51 4.42 3.97 3.80 4.08 3.90 4.35 3.91 3.77 4.08 4.57 5.59 6.92 8.14 9.43 14.04 12.51 5.93 5.07 4.75 4.38 4.53 4.30 4.39 4.26 4.03 3.86 3.49 4.13 5.33 7.34 9.27 9.84 9.32 8.72 8.11 7.04 6.60 6.57 6.66 7.10 7.63 8.07 8.33 7.72 6.43 5.07 4.05 3.49 3.41 3.53 3.71 4.13 4.52 4.67
3.97 4.08 4.23 4.36 4.48 4.61 4.72 5.13 6.00 5.48 5.51 5.45 5.39 5.34 6.17 6.18 5.67 6.94 7.61 8.09 8.93 10.65 12.75 13.16 11.79 10.64 10.12 8.71 6.25 4.40 4.76 4.35 3.78 3.71 4.15 3.46 3.39 3.74 4.22 5.21 6.29 7.15 8.57 13.98 12.55 6.87 5.55 5.05 4.89 4.54 4.31 4.35 4.20 4.02 3.99 3.45 4.00 4.83 6.82 9.14 10.26 9.69 9.32 8.46 7.13 6.37 6.54 7.05 7.44 7.68 7.61 7.51 7.53 6.90 5.63 4.52 3.77 3.53 3.54 3.60 3.88 4.26 4.48
3.88 3.85 4.03 4.33 4.39 4.55 4.71 5.05 5.31 5.34 5.40 5.39 5.32 6.08 5.44 5.40 5.52 6.02 6.70 7.90 8.65 10.34 12.31 13.03 12.11 11.34 10.47 8.34 5.89 4.48 4.84 4.42 3.89 3.96 4.25 4.29 2.84 3.30 4.07 4.61 5.43 6.02 9.06 13.48 11.28 6.91 5.85 5.75 5.10 4.56 4.41 4.23 4.03 3.98 4.14 4.45 3.84 4.58 6.19 8.77 10.62 10.38 9.55 8.97 7.63 6.47 6.39 7.09 7.73 7.83 7.30 6.73 7.13 7.34 6.31 5.05 4.11 3.72 3.71 3.70 3.79 4.12 4.38
3.69 3.80 4.25 4.37 4.38 4.26 4.68 4.93 5.02 5.13 5.19 5.23 5.23 5.43 5.40 5.31 5.49 6.03 6.66 7.75 8.42 9.97 11.77 13.26 12.47 11.82 10.78 8.34 5.69 4.44 4.89 4.45 3.94 4.12 3.88 3.80 2.54 2.55 3.23 4.21 4.69 5.22 9.77 12.97 9.70 6.60 5.90 5.83 5.24 4.72 4.62 4.33 4.03 4.02 4.09 4.41 3.69 4.47 5.91 8.16 10.64 10.78 10.04 9.46 8.62 7.38 6.77 7.11 7.51 7.53 6.90 6.14 5.96 7.45 7.15 5.79 4.54 4.00 3.96 3.90 3.86 4.12 4.31
3.54 3.68 3.99 4.39 4.22 4.27 4.68 4.65 4.82 4.90 4.96 5.00 5.26 5.26 5.16 5.27 5.48 6.03 6.67 7.69 8.28 9.65 11.26 13.15 12.80 12.14 10.95 8.68 5.65 4.24 4.85 4.50 3.88 3.93 3.37 3.11 3.01 1.61 2.33 3.79 4.20 5.40 11.66 13.11 8.47 6.54 5.62 5.08 5.39 4.16 4.75 3.69 4.03 3.99 3.95 4.56 3.41 4.29 5.44 7.55 9.97 10.72 10.30 9.96 9.61 9.12 8.26 7.68 7.22 6.82 6.18 5.43 5.76 6.88 7.23 6.63 5.23 4.46 4.23 4.10 4.02 4.20 4.32
3.45 3.56 3.85 4.09 4.21 4.31 4.67 4.58 4.65 4.68 5.00 5.06 4.85 4.91 5.03 5.17 5.51 6.05 7.34 7.72 8.46 9.54 10.89 12.78 13.03 12.38 11.03 9.01 5.73 4.02 4.80 4.56 4.04 3.84 3.35 2.99 2.60 0.83 1.27 2.59 3.48 5.64 12.38 12.47 7.92 6.58 5.56 4.93 5.39 4.17 3.93 3.62 3.36 3.85 3.99 4.83 3.09 3.71 4.59 6.82 9.63 10.18 10.19 10.05 10.40 10.66 10.19 8.92 7.18 6.11 5.51 4.73 4.71 5.85 6.89 6.74 5.92 5.09 4.59 4.29 4.14 4.24 4.44
3.41 3.50 3.73 3.98 4.17 4.32 4.70 4.81 4.61 4.58 4.66 4.77 4.82 4.87 4.98 5.13 5.50 6.06 7.37 7.79 8.64 9.63 10.69 12.42 13.18 12.66 11.41 9.45 5.73 3.75 3.50 3.38 4.50 3.97 3.50 3.05 2.62 2.23 0.81 2.01 2.76 6.20 12.12 11.78 8.21 6.94 5.57 4.69 3.85 3.49 3.88 3.60 3.36 3.81 4.16 3.07 3.09 3.25 4.07 6.24 8.85 9.59 9.49 9.26 9.64 10.91 11.89 10.52 7.70 5.76 5.20 4.54 4.19 5.46 5.64 6.10 6.00 5.53 4.99 4.50 4.22 4.27 4.59
3.40 3.48 3.61 3.84 4.11 4.28 4.46 4.64 4.65 4.62 4.67 4.77 4.84 4.89 4.96 5.19 5.52 6.74 7.39 7.99 8.77 9.73 10.66 12.09 13.07 13.14 12.29 10.29 5.97 3.51 3.27 4.65 4.56 4.33 3.84 3.03 2.83 2.45 1.94 1.79 3.07 6.64 11.21 10.95 8.77 7.39 5.66 4.01 3.47 3.71 3.52 3.34 3.14 3.55 4.21 3.08 3.15 3.29 4.14 6.14 8.59 9.39 8.85 8.62 8.80 10.91 12.76 11.80 8.64 6.00 5.25 4.64 4.09 4.31 5.01 5.38 5.48 6.17 5.26 4.71 4.29 4.30 4.63
3.47 3.57 3.62 3.76 4.03 4.22 4.41 4.60 4.64 4.65 4.69 4.80 4.88 5.05 5.07 5.15 6.10 6.82 7.53 8.10 8.85 9.76 10.67 11.70 12.81 13.34 13.34 11.50 7.04 3.76 4.43 4.55 4.71 4.71 4.29 3.49 3.28 3.19 2.94 2.29 3.83 6.94 9.42 9.93 9.20 7.95 5.86 3.95 3.25 3.23 2.97 2.88 3.28 3.38 4.45 2.81 3.06 3.36 4.37 6.23 8.58 9.31 8.74 8.18 8.22 9.70 12.12 12.34 9.47 6.79 5.67 4.81 4.26 4.29 4.71 4.85 4.81 5.14 5.27 4.89 4.42 4.37 4.62
3.54 3.70 3.80 3.84 4.03 4.21 4.41 4.57 4.61 4.61 4.83 4.94 5.05 5.06 5.05 5.67 6.06 6.78 7.44 8.12 8.89 9.81 10.66 11.36 12.24 13.09 13.96 12.79 8.76 4.68 3.80 4.79 4.96 5.24 5.18 4.55 3.97 3.84 3.65 2.84 4.63 6.88 7.94 8.99 9.40 8.47 6.17 4.17 3.34 3.01 3.49 3.31 3.31 3.40 4.14 2.57 2.87 3.32 4.49 6.21 8.45 9.64 9.27 8.43 8.10 9.84 12.43 12.42 9.95 7.78 6.53 5.25 4.64 4.65 4.82 4.56 4.17 4.53 4.99 4.95 4.61 4.54 4.64
3.52 3.74 3.94 3.98 4.10 4.22 4.41 4.55 4.60 4.57 4.75 4.78 4.90 4.98 5.57 5.65 5.99 6.60 7.23 7.96 8.82 9.82 10.60 11.10 11.67 12.68 13.79 13.75 10.72 6.28 4.80 4.45 4.39 4.68 4.64 4.23 4.92 4.43 2.99 3.20 5.01 6.83 7.12 8.29 9.57 8.83 6.34 4.49 3.71 3.04 3.52 3.57 3.39 3.33 3.92 2.35 2.47 2.92 4.20 5.82 7.83 9.52 10.02 9.10 8.36 9.68 12.02 12.21 10.07 8.54 7.74 6.26 5.35 5.28 5.27 4.55 3.67 3.73 4.41 4.70 4.67 4.72 4.81
3.48 3.70 3.94 4.01 4.11 4.19 4.37 4.48 4.55 4.82 4.70 4.60 4.63 4.72 5.42 5.55 5.86 6.36 6.95 7.70 8.59 9.61 10.42 10.93 11.39 12.24 13.68 14.06 12.36 8.78 5.94 4.58 4.27 4.62 4.77 4.54 4.36 5.05 4.64 4.44 5.29 6.42 6.55 7.80 9.68 8.94 6.40 4.96 4.18 3.30 3.51 3.34 3.32 3.18 3.72 2.64 1.88 2.18 3.20 5.16 6.94 8.77 10.25 9.76 8.94 9.77 11.78 11.91 10.06 8.82 8.60 7.49 6.39 6.12 5.95 4.91 3.46 3.11 3.50 4.63 4.33 4.62 4.91
3.44 3.65 3.86 3.94 4.03 4.08 4.27 4.36 4.42 4.49 4.46 4.56 4.48 4.48 5.17 5.36 5.61 6.05 6.68 7.42 8.26 9.18 9.97 10.59 11.13 11.97 13.39 13.52 13.14 11.49 8.94 5.88 4.32 4.30 4.51 4.50 4.54 4.42 3.96 4.02 5.03 5.93 6.05 7.33 9.64 8.71 6.18 5.47 4.70 3.55 3.35 3.04 3.15 3.42 3.83 2.26 2.01 1.67 2.47 4.40 6.19 7.84 9.80 10.17 8.87 9.77 11.52 11.50 9.96 8.84 8.86 8.33 7.52 7.13 6.87 5.62 3.74 2.89 2.94 4.02 4.25 4.78 4.70
3.39 3.59 3.78 3.87 3.96 3.97 4.17 4.24 4.24 4.35 4.41 4.59 4.53 4.44 4.44 5.20 5.38 5.76 6.51 7.24 7.89 8.62 9.34 10.03 10.61 11.41 12.62 12.54 12.91 12.45 11.47 9.81 7.38 5.44 4.72 4.59 4.53 4.47 4.23 4.41 5.04 5.31 5.18 6.71 9.34 8.51 6.13 7.47 5.04 3.67 3.30 3.40 3.47 3.76 4.01 2.11 1.40 1.51 2.08 3.71 5.48 7.17 9.29 10.24 8.87 9.41 11.07 10.96 9.74 8.96 8.97 8.73 8.39 8.15 7.87 6.57 4.45 3.24 2.86 2.81 3.67 4.08 4.20
3.34 3.55 3.71 3.82 3.95 3.95 4.18 4.25 4.14 4.18 4.26 4.54 4.58 4.54 5.02 5.25 5.39 5.74 6.48 7.13 7.62 8.12 8.76 9.51 10.14 10.82 11.70 11.40 11.80 11.86 11.77 11.60 10.63 8.83 7.18 5.88 5.01 4.64 4.64 4.92 5.14 5.14 4.85 5.95 8.42 7.81 6.35 6.18 6.63 4.93 3.65 3.82 3.81 3.84 4.32 3.26 1.66 1.53 1.77 3.23 4.86 6.44 8.72 10.30 8.96 9.13 10.59 10.37 9.47 9.09 9.17 8.96 8.83 8.88 8.65 7.44 5.31 3.97 3.25 2.78 2.57 3.59 3.48
3.31 3.53 3.69 3.79 3.95 4.00 4.25 4.36 4.20 4.13 4.14 4.35 4.45 4.51 5.13 5.45 5.68 6.01 6.60 7.02 7.32 7.66 8.27 9.12 9.81 10.38 10.96 11.56 10.81 10.93 10.93 11.12 11.26 10.69 9.66 8.47 7.24 6.26 5.84 5.71 5.62 5.62 5.25 6.22 7.04 6.69 6.42 7.78 6.87 5.09 4.11 4.19 3.97 4.03 4.77 3.19 3.03 3.36 3.39 2.77 4.52 5.74 7.61 9.60 9.23 8.68 9.46 9.68 9.04 8.96 9.14 8.99 9.02 9.42 9.33 8.12 6.26 4.77 3.85 3.07 2.58 3.36 3.78
3.29 3.53 3.70 3.79 3.94 4.01 4.28 4.43 4.32 4.22 4.18 4.28 4.33 4.39 5.00 5.45 5.92 6.37 6.88 7.17 7.32 7.57 8.23 8.98 9.55 9.96 10.29 10.49 10.34 10.23 10.23 10.42 10.75 10.80 10.50 10.03 9.39 8.88 8.34 7.57 7.21 6.95 6.18 5.32 5.40 5.71 6.32 7.97 7.20 5.65 4.42 4.41 4.17 4.19 4.56 2.63 3.29 4.63 2.60 3.24 4.41 5.46 6.79 8.89 9.38 8.90 8.94 9.09 8.65 8.60 8.89 8.81 8.97 9.65 9.82 8.80 7.26 5.66 4.43 3.53 2.89 2.56 3.48
3.27 3.51 3.69 3.77 3.92 3.99 4.27 4.45 4.39 4.31 4.36 4.35 4.36 4.81 4.99 5.39 5.92 6.53 7.19 7.78 8.17 8.31 8.55 8.97 9.32 9.47 9.63 9.80 9.82 9.57 9.66 9.86 10.24 10.51 10.47 10.26 9.95 10.06 10.16 9.87 9.50 9.05 7.40 4.78 4.35 5.04 7.18 8.41 7.56 5.89 4.63 4.41 4.32 4.33 4.26 2.50 3.41 5.02 4.36 3.54 4.35 5.22 6.44 8.25 9.05 8.61 8.40 8.60 8.43 8.37 8.63 8.66 8.86 9.61 9.95 9.37 8.16 6.62 5.03 3.98 3.32 2.77 2.54
3.24 3.47 3.63 3.73 3.87 3.95 4.26 4.44 4.56 4.44 4.36 4.34 4.89 5.00 5.11 5.34 5.79 6.43 7.13 7.92 8.49 8.68 8.71 8.91 9.06 9.09 9.17 9.32 9.44 9.37 9.35 9.37 9.73 10.12 10.25 10.20 9.94 9.98 10.39 10.69 10.99 10.84 8.47 4.66 4.29 5.97 6.83 6.76 7.95 6.16 4.60 4.25 4.18 4.29 3.85 2.50 3.98 4.96 4.79 4.92 4.02 4.76 6.04 7.79 8.62 8.22 7.88 8.08 8.08 8.21 8.43 8.56 8.80 9.43 9.87 9.64 8.97 7.68 5.83 4.44 3.76 3.12 2.59
3.23 3.44 3.56 3.65 3.78 3.87 4.18 4.60 4.57 4.45 4.30 4.23 4.16 4.85 4.96 5.13 5.44 5.91 6.34 6.92 7.92 8.52 8.77 8.89 8.82 8.73 8.82 8.91 8.98 9.10 9.23 9.30 9.58 9.65 9.92 10.05 9.91 9.84 10.18 10.79 11.87 12.06 9.09 4.92 4.46 4.94 5.41 7.38 6.62 6.47 4.63 4.11 4.08 4.20 3.62 2.67 4.30 4.82 5.43 5.23 4.90 3.78 5.21 7.35 8.07 7.78 7.53 7.62 7.64 7.82 8.24 8.44 8.79 9.30 9.66 9.63 9.49 8.75 7.04 5.19 4.23 3.61 2.94
3.22 3.41 3.47 3.55 3.67 3.73 4.04 4.50 4.54 4.51 4.36 4.23 4.12 4.71 4.77 4.90 5.14 5.31 5.55 6.07 6.86 7.93 8.69 9.02 8.75 8.47 8.58 8.61 8.48 8.61 9.07 9.49 9.80 10.07 10.10 9.78 9.84 9.85 10.16 10.93 12.76 13.42 9.62 4.97 4.68 5.80 5.07 7.33 7.62 6.92 5.00 4.23 3.99 4.11 3.39 2.81 4.24 4.92 6.22 6.01 4.93 4.11 4.54 6.52 7.45 8.29 7.09 7.23 7.12 7.37 7.96 8.40 8.69 9.12 9.34 9.37 9.46 9.33 8.24 6.39 4.87 4.13 3.51
3.24 3.40 3.41 3.46 3.57 3.60 3.88 4.34 4.39 4.45 4.95 4.91 4.15 4.06 4.79 4.95 5.08 5.13 5.32 5.50 5.90 7.07 8.28 9.11 8.95 8.52 8.54 8.49 8.41 8.84 8.33 9.22 9.48 10.09 10.28 10.38 10.22 10.36 10.97 11.90 14.20 15.13 11.18 5.36 4.89 5.17 5.53 6.37 6.80 6.09 5.53 4.51 4.15 3.97 3.52 2.81 4.11 5.08 6.90 6.63 4.71 4.11 4.04 6.00 7.92 8.06 7.94 8.33 6.38 6.63 7.53 8.13 8.52 8.95 9.06 9.10 9.25 9.33 8.87 7.51 5.73 4.62 3.99
3.31 3.43 3.39 3.42 3.53 3.52 3.75 3.91 4.18 4.19 4.16 4.77 4.76 4.10 4.92 5.08 5.16 5.22 5.18 5.10 5.29 6.10 7.57 8.82 8.94 8.54 8.58 8.72 8.65 8.34 8.60 9.16 9.31 9.51 9.71 10.06 10.46 10.85 11.21 12.27 13.03 16.08 14.88 8.10 5.66 5.64 4.41 4.78 7.34 8.09 6.22 4.47 4.11 3.89 3.75 2.85 4.12 5.29 7.33 6.95 4.87 4.29 3.97 5.65 7.43 7.88 7.78 5.86 5.71 7.99 6.80 7.72 8.24 8.71 8.81 8.83 9.03 9.17 9.00 8.27 6.81 5.28 4.44
3.40 3.48 3.41 3.44 3.57 3.57 3.73 3.80 3.95 3.91 3.99 4.64 4.02 4.09 4.93 5.02 5.14 5.06 4.96 4.95 4.98 5.42 6.85 8.41 8.82 8.55 8.38 8.35 8.07 7.94 8.25 8.88 9.12 9.39 9.60 10.04 10.24 10.68 11.07 11.69 13.38 14.99 16.86 14.17 9.25 7.38 5.24 4.52 6.42 8.25 8.21 4.75 3.99 3.83 3.71 3.18 4.41 5.83 7.46 7.09 5.29 4.80 4.39 6.29 7.49 5.17 5.34 7.70 7.27 5.38 6.35 7.17 7.95 8.56 8.58 8.41 8.66 8.88 8.73 8.50 7.72 6.31 5.07
3.44 3.51 3.44 3.47 3.65 3.66 3.76 3.96 4.11 3.78 3.92 4.00 4.01 4.13 4.91 4.92 4.18 4.24 4.97 4.99 4.90 5.04 6.26 7.87 8.61 8.26 7.80 7.49 7.72 7.65 7.93 8.48 8.96 9.33 9.56 9.65 9.83 10.34 10.74 11.29 12.50 14.14 16.50 16.77 14.95 12.01 7.41 3.31 5.48 7.38 8.07 4.86 3.85 3.79 3.52 3.47 4.87 6.06 7.28 7.02 5.87 5.39 5.85 6.91 7.11 6.93 6.97 6.80 6.57 4.85 6.82 7.84 7.21 8.40 8.54 8.09 8.17 8.46 8.27 8.14 8.02 7.16 5.81
