smrf/tests/basins/Lakes/input/data20191001/wind_ninja_data/topo_windninja_topo_10-01-2019_1500_50m_vel.asc
ncols	157
nrows	169
xllcorner	319975.000000
yllcorner	4158275.000000
cellsize	50.000000
NODATA_value	-9999.000000
[rows 76 to 113 of 169, columns 0 to 83 of 157]
1.51 1.24 1.15 0.90 0.78 0.77 0.72 0.67 0.78 1.00 1.18 1.21 1.26 1.44 1.36 1.19 1.20 1.18 1.10 1.08 1.77 1.28 1.47 1.63 1.68 1.47 2.20 1.35 1.15 1.06 1.01 0.99 0.93 0.88 0.86 0.84 0.82 0.77 0.61 0.63 1.20 1.21 1.23 1.29 1.05 0.93 0.79 0.72 0.95 0.61 0.62 0.72 0.62 0.56 0.56 0.62 1.00 0.75 0.73 0.68 0.65 0.63 0.61 0.49 0.50 0.52 0.73 0.72 0.78 0.71 0.72 0.72 0.73 0.75 0.64 0.68 0.69 0.69 0.45 0.37 0.59 0.22 0.77 0.87
1.35 1.11 0.96 0.77 0.64 0.62 0.63 0.67 0.85 1.11 1.26 1.34 1.16 1.35 1.25 1.18 1.09 0.99 0.77 0.74 0.87 1.21 1.54 1.67 1.50 1.66 1.01 1.04 1.01 0.95 0.91 0.90 0.86 0.83 0.81 0.79 0.74 0.69 0.50 0.52 1.17 1.14 0.63 1.32 1.09 0.77 0.65 0.65 0.65 0.64 0.54 0.67 0.66 0.52 0.54 0.68 0.91 0.70 0.67 0.63 0.60 0.57 0.56 0.48 0.45 0.48 0.53 0.65 0.70 0.66 0.67 0.67 0.69 0.72 0.61 0.64 0.65 0.65 0.68 0.21 0.66 0.66 0.67 0.80
1.23 1.01 0.83 0.66 0.53 0.58 0.60 0.72 0.96 1.24 1.29 1.34 1.35 1.26 1.15 1.05 0.81 0.70 0.67 0.77 0.89 1.15 0.82 0.83 0.56 1.38 0.62 0.84 0.89 0.81 0.77 0.78 0.78 0.77 0.74 0.69 0.65 0.62 0.46 0.47 0.63 0.55 0.58 1.16 0.76 0.65 0.60 0.63 0.63 0.59 0.47 0.60 0.62 0.51 0.54 0.89 0.69 0.64 0.60 0.59 0.54 0.73 0.51 0.51 0.41 0.43 0.43 0.73 0.66 0.69 0.62 0.62 0.64 0.67 0.57 0.59 0.60 0.61 0.62 0.61 0.18 0.32 0.25 0.46
1.14 0.97 0.76 0.56 0.52 0.67 0.77 0.85 1.10 1.30 1.24 1.36 1.28 1.20 1.08 0.98 0.67 0.66 0.71 0.78 0.90 1.16 0.77 1.31 0.56 1.21 0.82 0.71 0.82 0.77 0.73 0.68 0.71 0.71 0.66 0.62 0.59 0.57 0.43 0.42 0.45 0.47 0.57 1.15 0.97 0.72 0.61 0.64 0.61 0.56 0.44 0.53 0.85 0.64 0.59 0.84 0.61 0.74 0.54 0.56 0.50 0.45 0.60 0.47 0.37 0.37 0.40 0.45 0.66 0.63 0.56 0.57 0.58 0.61 0.63 0.53 0.55 0.56 0.56 0.56 0.18 0.19 0.13 0.10
0.93 0.75 0.57 0.59 0.66 0.71 0.83 0.97 1.22 1.29 1.28 1.30 1.25 1.16 1.03 0.67 0.66 0.68 0.74 0.80 0.92 1.17 1.47 0.84 0.75 0.47 1.19 0.36 0.69 0.77 0.80 0.68 0.72 0.70 0.64 0.59 0.55 0.55 0.40 0.42 0.42 0.45 0.54 1.21 1.02 0.71 0.72 0.62 0.60 0.57 0.49 0.64 0.68 0.67 0.62 0.58 0.52 0.44 0.53 0.53 0.44 0.48 0.35 0.43 0.41 0.33 0.37 0.42 0.67 0.60 0.52 0.52 0.53 0.55 0.58 0.60 0.51 0.52 0.54 0.55 0.45 0.31 0.16 0.14
0.94 0.83 0.59 0.74 0.67 0.81 0.93 1.13 1.28 1.21 1.33 1.27 1.23 1.12 0.70 0.62 0.64 0.67 0.74 0.82 0.94 1.17 0.84 0.86 0.83 0.60 0.42 0.45 0.52 0.65 0.75 0.73 0.71 0.67 0.61 0.55 0.53 0.27 0.29 0.42 0.42 0.44 0.52 1.18 1.07 1.04 0.72 0.76 0.61 0.59 0.61 0.66 0.67 0.62 0.55 0.42 0.38 0.42 0.52 0.47 0.38 0.33 0.32 0.34 0.40 0.38 0.33 0.37 0.39 0.61 0.58 0.48 0.48 0.50 0.52 0.55 0.48 0.50 0.51 0.53 0.51 0.43 0.11 0.22
0.99 0.85 0.75 0.79 0.85 0.97 1.15 1.27 1.23 1.13 1.27 1.25 1.19 1.07 0.63 0.58 0.62 0.68 0.74 0.82 0.95 1.16 0.65 0.72 0.78 0.71 0.63 0.69 0.62 0.85 0.66 0.62 0.62 0.41 0.37 0.34 0.33 0.32 0.33 0.29 0.42 0.43 0.47 0.65 1.11 1.08 1.08 0.75 0.61 0.59 0.61 0.63 0.60 0.53 0.47 0.35 0.36 0.42 0.46 0.39 0.34 0.32 0.29 0.32 0.39 0.35 0.29 0.32 0.35 0.38 0.55 0.56 0.44 0.46 0.48 0.51 0.45 0.46 0.47 0.50 0.53 0.41 0.35 0.09
0.93 0.85 0.83 0.95 1.08 1.21 1.28 1.19 1.04 1.23 1.23 1.22 1.14 0.98 0.55 0.54 0.73 0.66 0.74 0.83 0.97 1.12 1.38 0.55 0.72 0.85 1.23 1.01 0.68 0.79 0.58 0.55 0.37 0.34 0.31 0.31 0.35 0.32 0.30 0.29 0.30 0.39 0.41 0.54 1.11 1.11 1.10 0.72 0.72 0.76 0.58 0.58 0.52 0.45 0.40 0.31 0.34 0.37 0.38 0.32 0.31 0.27 0.26 0.32 0.37 0.30 0.25 0.28 0.31 0.33 0.55 0.51 0.41 0.42 0.44 0.46 0.40 0.41 0.43 0.45 0.48 0.47 0.41 0.27
0.86 0.88 1.01 1.16 1.23 1.22 1.12 0.94 0.92 1.18 1.21 1.18 1.05 0.59 0.50 0.81 0.69 0.65 0.73 0.84 0.96 1.06 1.16 0.51 0.69 0.94 1.35 0.83 0.57 0.70 0.56 0.56 0.37 0.32 0.29 0.24 0.33 0.29 0.25 0.32 0.27 0.37 0.34 0.59 1.23 1.06 1.05 1.01 0.66 0.55 0.53 0.50 0.45 0.39 0.35 0.33 0.30 0.30 0.30 0.28 0.29 0.26 0.26 0.35 0.32 0.25 0.23 0.23 0.27 0.31 0.35 0.47 0.37 0.37 0.39 0.41 0.43 0.37 0.39 0.41 0.43 0.50 0.47 0.41
0.90 0.93 1.11 1.17 1.20 1.23 0.91 0.77 0.94 1.18 1.18 1.09 0.66 0.52 0.48 0.75 0.55 0.64 0.73 0.84 0.94 1.02 1.12 0.63 0.69 1.01 1.32 0.71 0.51 0.63 0.57 0.58 0.37 0.31 0.28 0.28 0.16 0.25 0.26 0.25 0.25 0.39 0.41 0.67 1.21 0.92 0.99 0.95 0.50 0.45 0.44 0.40 0.35 0.31 0.30 0.30 0.25 0.24 0.22 0.22 0.24 0.26 0.28 0.31 0.26 0.21 0.21 0.21 0.24 0.28 0.28 0.45 0.32 0.33 0.34 0.36 0.39 0.35 0.36 0.38 0.45 0.40 0.41 0.47
1.15 1.21 1.29 1.26 1.15 1.02 0.73 0.72 1.08 1.18 0.83 0.70 0.58 0.48 0.85 0.62 0.51 0.42 0.73 0.84 0.92 1.01 1.13 1.34 0.77 1.15 1.10 0.64 0.50 0.60 0.57 0.53 0.31 0.28 0.27 0.11 0.19 0.28 0.24 0.26 0.38 0.39 0.47 0.72 1.01 0.74 0.90 0.86 0.36 0.35 0.32 0.31 0.29 0.27 0.26 0.21 0.21 0.20 0.19 0.20 0.22 0.24 0.26 0.26 0.22 0.19 0.18 0.18 0.20 0.24 0.24 0.46 0.43 0.27 0.30 0.33 0.36 0.32 0.32 0.33 0.35 0.46 0.49 0.47
1.20 1.18 1.15 1.09 0.98 0.76 0.71 0.80 1.12 0.84 0.74 0.62 0.53 0.52 0.72 0.49 0.48 0.61 0.75 0.84 0.91 1.02 1.12 1.21 1.11 1.25 0.92 0.63 0.78 0.58 0.54 0.31 0.25 0.24 0.26 0.10 0.18 0.22 0.24 0.28 0.40 0.42 0.50 0.74 0.53 0.61 0.80 0.33 0.30 0.26 0.25 0.26 0.26 0.24 0.19 0.18 0.16 0.16 0.17 0.19 0.21 0.21 0.22 0.23 0.20 0.16 0.14 0.15 0.18 0.21 0.20 0.42 0.43 0.45 0.26 0.29 0.32 0.28 0.29 0.31 0.33 0.39 0.42 0.45
1.21 1.13 1.05 0.71 0.63 0.64 0.75 0.80 0.79 0.76 0.66 0.57 0.49 0.81 0.48 0.35 0.48 0.25 0.78 0.85 0.91 1.03 1.11 1.12 1.31 1.34 0.82 0.59 0.74 0.57 0.52 0.30 0.25 0.23 0.27 0.32 0.17 0.23 0.36 0.30 0.42 0.44 0.57 0.71 0.38 0.60 0.77 0.27 0.30 0.22 0.22 0.24 0.23 0.18 0.16 0.14 0.14 0.14 0.16 0.18 0.20 0.19 0.18 0.23 0.16 0.12 0.11 0.13 0.15 0.17 0.38 0.39 0.40 0.21 0.23 0.25 0.28 0.26 0.27 0.29 0.32 0.34 0.36 0.39
1.21 1.10 0.69 0.67 0.63 0.66 0.75 0.77 0.72 0.67 0.59 0.51 0.84 0.54 0.36 0.32 0.25 0.24 0.80 0.86 0.93 1.03 1.12 1.16 1.36 1.15 0.75 0.60 0.49 0.57 0.50 0.44 0.25 0.26 0.31 0.35 0.37 0.27 0.37 0.40 0.41 0.44 0.68 0.59 0.43 0.68 0.76 0.26 0.21 0.21 0.21 0.22 0.20 0.16 0.13 0.11 0.12 0.15 0.16 0.16 0.19 0.16 0.19 0.21 0.12 0.11 0.09 0.09 0.11 0.10 0.37 0.13 0.16 0.41 0.20 0.22 0.21 0.24 0.26 0.28 0.29 0.30 0.34 0.32
1.20 0.76 0.67 0.66 0.63 0.66 0.72 0.71 0.64 0.58 0.52 0.53 0.61 0.37 0.30 0.29 0.21 0.22 0.82 0.88 0.94 1.04 1.14 1.20 1.39 1.08 0.61 0.49 0.50 0.55 0.47 0.41 0.37 0.27 0.34 0.37 0.37 0.32 0.34 0.40 0.39 0.45 0.71 0.47 0.53 0.76 0.76 0.25 0.32 0.20 0.19 0.20 0.18 0.15 0.14 0.12 0.13 0.16 0.15 0.14 0.17 0.13 0.18 0.17 0.26 0.11 0.06 0.05 0.03 0.76 0.08 0.11 0.13 0.15 0.18 0.21 0.23 0.23 0.25 0.26 0.27 0.28 0.28 0.19
0.85 0.74 0.65 0.63 0.63 0.65 0.65 0.63 0.57 0.50 0.86 0.52 0.33 0.26 0.25 0.26 0.19 0.22 0.84 0.89 0.96 1.07 1.16 1.20 1.41 0.81 0.51 0.45 0.46 0.53 0.45 0.40 0.37 0.28 0.35 0.36 0.34 0.23 0.35 0.38 0.37 0.45 0.68 0.42 0.63 0.78 0.75 0.24 0.20 0.19 0.19 0.19 0.17 0.16 0.16 0.47 0.60 0.13 0.12 0.12 0.13 0.09 0.06 0.07 0.09 0.09 0.06 0.06 0.78 0.32 0.08 0.10 0.12 0.14 0.17 0.21 0.22 0.23 0.24 0.26 0.27 0.29 0.30 0.12
0.80 0.70 0.61 0.59 0.61 0.61 0.57 0.54 0.58 0.70 0.38 0.23 0.19 0.20 0.24 0.25 0.19 0.24 0.85 0.89 0.97 1.08 1.15 1.17 1.37 1.00 0.83 0.63 0.49 0.51 0.43 0.39 0.39 0.43 0.36 0.35 0.32 0.32 0.35 0.39 0.39 0.48 0.66 0.35 0.61 0.72 0.70 0.24 0.22 0.22 0.23 0.22 0.18 0.16 0.14 0.53 0.56 0.60 0.24 0.13 0.15 0.11 0.08 0.08 0.10 0.12 0.11 0.61 0.77 0.03 0.06 0.06 0.09 0.11 0.14 0.17 0.19 0.21 0.23 0.24 0.26 0.28 0.29 0.32
0.72 0.63 0.54 0.54 0.56 0.54 0.56 0.68 0.42 0.26 0.20 0.18 0.22 0.24 0.27 0.25 0.21 0.27 0.84 0.88 0.96 1.08 1.15 1.13 1.17 1.22 1.13 0.86 0.66 0.52 0.43 0.40 0.39 0.45 0.38 0.37 0.34 0.34 0.39 0.42 0.43 0.52 0.66 0.35 0.54 0.67 0.66 0.25 0.25 0.25 0.25 0.23 0.19 0.16 0.12 0.52 0.52 0.59 0.22 0.12 0.18 0.15 0.11 0.10 0.12 0.15 0.15 0.60 0.08 0.22 0.02 0.03 0.06 0.09 0.12 0.14 0.17 0.19 0.21 0.23 0.25 0.27 0.28 0.10
0.65 0.56 0.50 1.02 0.81 0.72 0.60 0.41 0.29 0.26 0.28 0.31 0.32 0.30 0.30 0.29 0.26 0.31 0.82 0.86 0.96 1.08 1.14 1.08 1.00 1.16 1.35 1.04 0.75 0.64 0.46 0.41 0.29 0.36 0.58 0.56 0.49 0.40 0.44 0.44 0.47 0.56 0.71 0.32 0.61 0.70 0.65 0.28 0.31 0.27 0.25 0.22 0.18 0.15 0.11 0.27 0.63 0.57 0.21 0.12 0.22 0.20 0.14 0.12 0.15 0.17 0.19 0.50 0.03 0.11 0.03 0.04 0.06 0.28 0.10 0.13 0.16 0.17 0.19 0.22 0.24 0.25 0.27 0.12
0.59 0.66 0.72 0.58 0.51 0.43 0.41 0.38 0.36 0.42 0.50 0.52 0.44 0.37 0.35 0.33 0.31 0.33 0.78 0.85 0.96 1.07 1.11 1.02 0.92 0.92 1.09 1.17 0.77 0.57 0.69 0.64 0.29 0.39 0.64 0.63 0.55 0.47 0.49 0.46 0.50 0.60 0.65 0.83 0.83 0.74 0.70 0.70 0.31 0.28 0.25 0.21 0.17 0.14 0.12 0.52 0.57 0.54 0.15 0.12 0.25 0.23 0.20 0.17 0.17 0.20 0.23 0.31 0.52 0.01 0.08 0.08 0.07 0.09 0.11 0.13 0.15 0.17 0.18 0.20 0.22 0.23 0.24 0.17
1.03 0.80 0.60 0.57 0.55 0.51 0.53 0.54 0.55 0.62 0.67 0.62 0.50 0.43 0.40 0.36 0.33 0.33 0.76 0.84 0.96 1.06 1.07 0.99 0.91 0.89 0.99 1.12 0.65 0.50 0.62 0.68 0.40 0.50 0.67 0.63 0.58 0.60 0.58 0.46 0.51 0.69 0.94 0.51 0.56 0.81 0.71 0.67 0.30 0.31 0.27 0.23 0.18 0.15 0.12 0.51 0.21 0.17 0.15 0.11 0.26 0.30 0.27 0.23 0.22 0.24 0.28 0.32 0.51 0.52 0.05 0.05 0.12 0.11 0.14 0.14 0.15 0.16 0.18 0.19 0.20 0.21 0.23 0.26
0.86 0.77 0.76 0.80 0.81 0.75 0.78 0.77 0.75 0.73 0.64 0.53 0.48 0.45 0.42 0.37 0.34 0.33 0.75 0.85 0.97 1.04 1.03 0.97 0.92 0.89 0.93 0.74 0.46 0.55 0.55 0.54 0.52 0.60 0.66 0.62 0.62 0.66 0.60 0.48 0.50 0.96 0.93 0.40 0.50 0.85 0.70 0.70 0.33 0.35 0.29 0.24 0.19 0.14 0.11 0.21 0.20 0.11 0.11 0.21 0.26 0.31 0.32 0.29 0.26 0.28 0.34 0.33 0.52 0.21 0.16 0.09 0.19 0.16 0.18 0.18 0.15 0.16 0.17 0.18 0.19 0.21 0.23 0.24
0.93 0.89 0.94 0.99 0.99 0.91 0.88 0.86 0.76 0.62 0.44 0.37 0.38 0.40 0.39 0.35 0.32 0.30 0.76 0.87 0.96 1.00 1.00 0.97 0.93 0.88 0.91 1.14 0.29 0.54 0.62 0.57 0.63 0.72 0.74 0.74 0.67 0.69 0.60 0.51 0.58 0.86 0.84 0.40 0.54 0.83 0.69 0.69 0.37 0.37 0.28 0.22 0.17 0.13 0.57 0.16 0.52 0.43 0.06 0.22 0.27 0.31 0.35 0.32 0.27 0.28 0.35 0.40 0.36 0.26 0.21 0.17 0.27 0.23 0.24 0.23 0.20 0.16 0.18 0.19 0.20 0.21 0.23 0.22
0.72 1.09 1.08 1.03 0.98 0.87 0.78 0.70 0.56 0.44 0.40 0.29 0.29 0.31 0.31 0.27 0.25 0.25 0.78 0.89 0.94 0.96 0.97 0.98 0.94 0.86 0.91 1.05 0.35 0.51 0.66 0.68 0.66 0.69 0.70 0.73 0.78 0.68 0.58 0.53 0.59 0.91 0.46 0.45 0.62 0.68 0.64 0.67 0.58 0.27 0.24 0.19 0.16 0.14 0.58 0.12 0.13 0.10 0.06 0.08 0.26 0.32 0.38 0.37 0.34 0.28 0.34 0.43 0.61 0.58 0.28 0.37 0.34 0.31 0.32 0.29 0.24 0.22 0.24 0.21 0.21 0.21 0.23 0.22
0.77 0.73 1.12 0.93 0.79 0.66 0.51 0.40 0.37 0.40 0.38 0.33 0.25 0.24 0.20 0.12 0.10 0.66 0.80 0.89 0.92 0.93 0.95 0.98 0.94 0.84 0.89 0.99 1.00 0.62 0.81 0.79 0.78 0.78 0.77 0.71 0.70 0.67 0.60 0.59 0.62 0.66 0.62 0.54 0.89 0.53 0.50 0.60 0.47 0.35 0.23 0.17 0.16 0.29 0.64 0.18 0.25 0.27 0.23 0.21 0.25 0.30 0.41 0.44 0.49 0.32 0.39 0.52 0.49 0.46 0.35 0.43 0.30 0.42 0.39 0.37 0.30 0.26 0.27 0.22 0.22 0.22 0.23 0.23
0.76 1.11 0.95 0.72 0.64 0.57 0.39 0.35 0.34 0.34 0.25 0.27 0.28 0.30 0.26 0.14 0.59 0.68 0.80 0.88 0.91 0.92 0.93 0.96 0.92 0.82 0.82 0.92 0.95 0.96 0.93 0.94 0.90 0.81 0.76 0.75 0.73 0.64 0.63 0.63 0.57 0.63 0.72 0.75 0.91 0.34 0.50 0.39 0.50 0.36 0.25 0.17 0.17 0.28 0.61 0.19 0.33 0.34 0.24 0.21 0.25 0.29 0.38 0.48 0.60 0.55 0.55 0.56 0.52 0.49 0.49 0.36 0.48 0.42 0.47 0.31 0.23 0.33 0.32 0.32 0.23 0.23 0.24 0.24
1.14 0.89 0.75 0.67 0.61 0.54 0.48 0.36 0.34 0.33 0.31 0.29 0.21 0.23 0.24 0.52 0.61 0.70 0.81 0.88 0.91 0.89 0.88 0.92 0.90 0.81 0.75 0.76 0.89 0.93 0.92 0.89 1.03 0.85 0.74 0.70 0.71 0.66 0.64 0.58 0.58 0.66 0.83 0.99 0.65 0.25 0.27 0.27 0.56 0.40 0.28 0.18 0.17 0.27 0.55 0.21 0.41 0.40 0.26 0.22 0.25 0.29 0.35 0.47 0.66 0.63 0.61 0.60 0.56 0.51 0.40 0.42 0.47 0.48 0.44 0.40 0.34 0.41 0.38 0.36 0.35 0.24 0.24 0.24
0.95 0.79 0.73 0.65 0.60 0.56 0.49 0.40 0.34 0.31 0.28 0.31 0.33 0.37 0.27 0.55 0.64 0.74 0.83 0.88 0.86 0.81 0.83 0.89 0.89 0.81 0.71 0.69 0.78 0.93 0.94 0.90 0.90 0.97 0.79 0.76 0.74 0.65 0.62 0.64 0.71 0.88 0.81 0.61 0.49 0.15 0.19 0.66 0.63 0.45 0.31 0.20 0.18 0.58 0.52 0.27 0.49 0.47 0.36 0.27 0.25 0.28 0.34 0.45 0.68 0.63 0.63 0.63 0.50 0.46 0.47 0.48 0.50 0.50 0.49 0.49 0.45 0.35 0.44 0.42 0.39 0.26 0.25 0.24
0.84 0.74 0.71 0.66 0.62 0.65 0.52 0.42 0.33 0.31 0.33 0.44 0.44 0.43 0.40 0.58 0.68 0.77 0.81 0.80 0.77 0.74 0.81 0.89 0.89 0.80 0.71 0.67 0.76 0.92 0.94 0.92 0.90 1.09 0.96 0.85 0.81 0.63 0.59 0.66 0.83 0.80 0.20 0.37 0.20 0.15 0.32 0.53 0.70 0.50 0.36 0.22 0.26 0.57 0.14 0.36 0.55 0.51 0.43 0.43 0.31 0.26 0.31 0.50 0.70 0.69 0.65 0.57 0.20 0.28 0.38 0.45 0.54 0.53 0.53 0.55 0.53 0.48 0.54 0.48 0.45 0.28 0.25 0.25
0.76 0.68 0.69 0.69 0.64 0.67 0.55 0.45 0.34 0.30 0.40 0.51 0.68 0.52 0.49 0.60 0.69 0.73 0.70 0.66 0.67 0.74 0.84 0.91 0.89 0.79 0.70 0.68 0.78 0.90 0.93 0.92 0.90 0.92 0.97 1.01 0.91 0.67 0.59 0.66 0.92 0.41 0.07 0.34 0.17 0.44 0.58 0.65 0.38 0.59 0.45 0.26 0.22 0.56 0.14 0.43 0.58 0.58 0.56 0.53 0.40 0.27 0.28 0.58 0.26 0.15 0.22 0.34 0.36 0.25 0.58 0.37 0.48 0.57 0.57 0.58 0.60 0.60 0.53 0.55 0.49 0.31 0.27 0.27
0.81 0.72 0.68 0.70 0.74 0.68 0.56 0.48 0.41 0.38 0.52 0.73 0.74 0.51 0.52 0.58 0.64 0.63 0.57 0.53 0.58 0.72 0.85 0.94 0.90 0.78 0.70 0.71 0.86 0.90 0.91 0.91 0.91 0.92 1.00 0.95 0.90 0.71 0.63 0.67 0.99 0.43 0.19 0.35 0.46 0.58 0.55 0.65 0.53 0.72 0.56 0.33 0.26 0.17 0.20 0.45 0.58 0.63 0.80 0.63 0.44 0.38 0.27 0.46 0.72 0.38 0.73 0.70 0.63 0.60 0.06 0.63 0.50 0.64 0.63 0.62 0.63 0.68 0.66 0.67 0.56 0.51 0.32 0.30
0.76 0.68 0.70 0.76 0.74 0.64 0.55 0.55 0.55 0.74 1.01 0.99 0.72 0.52 0.46 0.53 0.54 0.51 0.46 0.28 0.52 0.67 0.83 0.95 0.91 0.77 0.70 0.75 0.88 0.91 1.00 1.30 1.31 0.99 0.94 0.97 0.93 0.78 0.69 0.72 1.03 0.68 0.35 0.27 0.58 0.65 0.56 0.67 0.68 0.84 0.69 0.39 0.31 0.21 0.23 0.44 0.58 0.66 0.78 0.74 0.47 0.42 0.29 0.42 0.73 0.27 0.20 0.05 0.67 0.64 0.64 0.56 0.56 0.70 0.68 0.66 0.66 0.80 0.84 0.78 0.66 0.58 0.55 0.33
0.36 0.36 0.66 0.73 0.70 0.62 0.48 0.55 0.93 0.45 0.38 0.98 0.75 0.52 0.54 0.46 0.54 0.48 0.36 0.21 0.50 0.60 0.79 0.95 0.91 0.77 0.72 0.87 1.30 0.93 0.94 0.97 0.99 1.25 1.15 1.26 1.36 1.27 0.81 0.79 1.02 1.55 0.80 0.43 0.57 0.73 0.60 0.62 0.73 0.81 0.86 0.64 0.34 0.27 0.27 0.44 0.58 0.67 0.79 0.84 0.55 0.49 0.33 0.44 0.36 0.12 0.78 0.79 0.73 0.62 0.70 0.60 0.74 0.45 0.74 0.71 0.78 0.74 0.87 0.76 0.78 0.67 0.60 0.35
0.36 0.37 0.37 0.35 0.37 0.43 0.39 0.80 0.46 0.38 0.32 0.91 0.58 0.53 0.53 0.53 0.48 0.28 0.23 0.24 0.21 0.55 0.75 0.93 0.91 0.81 0.87 1.26 1.16 0.91 0.93 0.87 1.00 1.01 1.04 1.09 1.01 1.04 0.86 0.84 0.99 1.32 1.33 0.87 0.78 0.84 0.67 0.42 0.67 0.82 1.02 0.71 0.53 0.30 0.30 0.46 0.58 0.68 0.75 0.92 0.30 0.60 0.40 0.69 0.08 0.76 0.80 0.78 0.04 0.70 0.61 0.75 0.78 0.53 0.37 0.76 0.75 0.85 0.80 0.91 0.89 0.78 0.67 0.38
0.34 0.34 0.33 0.33 0.41 0.49 0.61 0.48 0.38 0.29 0.99 0.62 0.62 0.55 0.56 0.46 0.32 0.19 0.18 0.22 0.19 0.52 0.70 0.88 0.90 1.05 1.26 1.24 0.96 0.94 0.94 0.96 0.97 1.02 1.09 1.04 1.04 1.01 0.86 0.89 0.99 1.17 1.47 1.51 1.29 1.27 1.17 0.38 0.28 0.70 1.02 0.86 0.54 0.54 0.32 0.47 0.59 0.80 0.73 0.36 0.81 0.72 0.74 0.34 0.09 0.22 0.10 0.19 0.43 0.76 0.39 0.77 0.52 0.73 0.91 0.82 0.53 0.89 0.81 0.81 0.94 0.88 0.76 0.68
0.32 0.32 0.31 0.34 0.46 0.77 0.46 0.39 0.29 0.23 0.84 0.63 0.57 0.49 0.41 0.33 0.26 0.21 0.24 0.24 0.18 0.52 0.69 0.84 0.88 1.34 1.04 1.00 1.00 0.86 0.82 0.82 0.87 0.95 1.02 1.06 1.05 0.94 0.87 0.91 0.99 1.10 1.27 1.49 1.64 1.77 1.73 0.78 0.22 0.55 1.05 1.00 0.67 0.61 0.37 0.47 0.63 0.69 0.69 0.47 0.60 0.85 0.39 0.08 0.14 0.03 0.24 0.45 0.51 0.23 0.80 0.79 0.86 0.96 0.64 0.50 0.90 0.88 0.92 0.91 0.94 0.95 0.87 0.78
0.30 0.30 0.32 0.39 0.56 0.44 0.36 0.28 0.21 0.98 0.70 0.57 0.51 0.42 0.37 0.30 0.27 0.31 0.33 0.23 0.46 0.54 0.70 0.83 0.87 1.28 1.04 1.02 0.86 0.84 0.80 0.79 0.85 0.94 1.02 1.05 1.04 0.88 0.89 0.91 0.98 1.08 1.17 1.31 1.49 1.81 2.23 1.58 0.42 0.54 1.04 0.85 0.82 0.82 0.74 0.53 0.79 0.65 0.58 0.68 0.47 0.21 0.09 0.13 0.02 0.11 0.30 0.40 0.30 0.27 0.87 0.47 0.87 0.95 0.70 1.09 1.04 0.97 0.95 0.90 0.92 0.97 0.96 0.89
0.29 0.30 0.35 0.41 0.42 0.35 0.27 0.19 1.01 0.65 0.56 0.52 0.47 0.42 0.36 0.31 0.36 0.41 0.32 0.21 0.48 0.57 0.72 0.84 0.90 1.08 1.03 0.83 0.82 0.81 0.77 0.76 0.74 0.92 0.99 1.01 0.86 0.88 0.90 0.92 0.97 1.04 1.13 1.21 1.31 1.55 2.06 2.39 1.54 0.85 1.07 0.83 1.18 0.38 0.48 0.65 0.75 0.67 0.63 0.74 0.40 0.08 0.05 0.16 0.17 0.07 0.08 0.26 0.95 0.98 0.32 0.54 0.93 0.90 0.77 1.14 1.17 1.11 1.01 0.91 0.90 0.95 0.98 0.97
