smrf/tests/basins/Lakes/input/data20191001/wind_ninja_data/topo_windninja_topo_10-01-2019_1500_50m_vel.asc
ncols	157
nrows	169
xllcorner	319975.000000
yllcorner	4158275.000000
cellsize	50.000000
NODATA_value	-9999.000000
[rows 0 to 37 of 169, columns 0 to 83 of 157]
2.51 2.94 3.60 3.95 4.07 3.96 3.68 3.34 3.08 2.92 2.82 2.76 2.82 3.05 2.75 2.61 2.14 1.85 1.79 1.79 1.76 1.73 1.81 2.06 1.93 2.96 2.97 2.93 2.97 3.13 3.33 3.37 3.43 3.38 3.26 3.22 3.24 3.32 3.42 3.58 3.43 3.45 3.68 3.91 4.06 4.03 4.01 3.99 3.90 3.71 3.62 3.66 3.69 3.66 3.61 3.56 3.53 3.63 3.71 4.19 4.31 4.43 4.50 4.48 4.39 4.82 4.71 4.52 4.29 4.12 4.00 3.82 3.56 3.26 3.13 3.11 3.17 3.19 3.12 2.98 2.89 2.84 2.81 2.78
2.51 2.94 3.60 3.95 4.07 3.96 3.68 3.34 3.08 2.92 2.82 2.76 2.82 3.05 2.75 2.61 2.14 1.85 1.79 1.79 1.76 1.73 1.81 2.06 1.93 2.96 2.97 2.93 2.97 3.13 3.33 3.37 3.43 3.38 3.26 3.22 3.24 3.32 3.42 3.58 3.43 3.45 3.68 3.91 4.06 4.03 4.01 3.99 3.90 3.71 3.62 3.66 3.69 3.66 3.61 3.56 3.53 3.63 3.71 4.19 4.31 4.43 4.50 4.48 4.39 4.82 4.71 4.52 4.29 4.12 4.00 3.82 3.56 3.26 3.13 3.11 3.17 3.19 3.12 2.98 2.89 2.84 2.81 2.78
2.54 2.68 3.00 3.12 3.08 3.04 3.05 3.01 2.93 2.87 2.84 2.82 2.77 3.04 3.01 2.50 2.21 2.02 1.98 1.99 1.96 1.97 2.08 2.34 2.58 2.72 2.82 2.81 2.84 2.83 2.89 2.94 3.07 3.26 3.34 3.41 3.48 3.56 3.64 3.69 3.44 3.23 3.19 3.25 3.30 3.32 3.36 3.38 3.34 3.29 3.24 3.20 3.12 3.08 3.10 3.16 3.23 3.33 3.51 3.73 3.84 3.94 3.82 4.28 4.06 3.90 3.72 3.53 3.41 3.31 3.16 2.91 2.74 2.75 2.87 3.08 3.11 2.97 2.88 2.85 2.82 2.81 2.78 2.75
2.83 2.51 2.16 1.93 1.85 2.03 2.47 2.68 2.81 2.91 2.96 2.94 2.86 3.15 2.94 2.69 2.51 2.44 2.47 2.50 2.50 2.44 2.53 2.65 2.78 2.64 2.71 2.79 2.74 2.62 2.56 2.61 2.66 2.72 2.86 3.02 3.09 3.11 3.14 3.09 2.89 3.09 2.94 2.84 2.80 3.24 2.57 2.72 2.83 2.90 2.89 2.82 2.75 2.79 2.84 2.90 3.08 3.37 3.66 3.61 3.55 3.24 3.48 3.17 3.00 2.89 2.74 2.63 2.57 2.41 2.15 2.02 2.15 2.41 2.76 2.88 2.89 2.77 2.61 2.66 2.72 2.76 2.74 2.73
2.94 2.35 1.73 1.99 2.27 2.43 2.52 2.78 2.96 3.09 3.06 2.93 2.81 2.91 3.13 2.99 2.85 2.86 3.43 3.35 2.97 2.87 2.87 2.81 2.89 2.78 2.81 2.84 2.73 2.57 2.53 2.56 2.56 2.39 2.22 2.25 2.22 2.24 2.29 2.63 2.55 2.44 2.36 2.76 2.79 2.88 2.21 2.41 2.57 2.64 2.62 2.62 2.67 2.76 2.78 2.88 2.99 3.29 3.45 3.40 3.22 2.72 2.79 2.60 2.49 2.40 2.34 2.27 2.12 1.92 1.83 1.91 2.30 2.63 2.76 2.73 2.64 2.60 2.55 2.60 2.69 2.72 2.70 2.71
3.06 2.36 1.96 2.14 2.36 2.58 2.68 2.86 2.87 2.84 2.73 2.58 2.45 2.43 2.54 2.72 3.12 3.37 3.52 3.70 3.84 3.85 3.67 3.37 3.16 3.04 2.93 2.83 2.74 2.71 2.71 2.71 2.63 2.47 2.27 2.05 1.90 1.82 1.82 1.80 2.09 2.04 1.65 2.48 1.78 2.65 2.00 2.15 2.26 2.37 2.45 2.55 2.63 2.70 2.75 2.81 2.97 3.15 3.30 3.23 2.88 2.90 2.55 2.36 2.24 2.19 2.14 2.01 1.83 1.74 1.84 2.16 2.56 2.81 2.82 2.73 2.65 2.57 2.57 2.64 2.70 2.69 2.67 2.70
2.70 2.18 2.00 2.22 2.49 2.73 2.91 2.72 2.52 2.36 2.22 2.15 2.10 2.08 2.16 2.36 1.99 3.02 3.31 3.54 3.72 3.98 4.22 4.19 3.96 3.61 3.25 3.05 2.94 2.89 2.90 2.86 2.75 2.63 2.48 2.37 2.34 2.31 2.18 2.04 2.03 2.10 2.20 2.22 2.16 2.15 2.13 2.09 2.07 2.12 2.26 2.41 2.51 2.51 2.64 2.74 2.88 3.02 3.05 3.43 2.97 2.60 2.39 2.21 2.06 1.78 1.86 1.74 1.65 1.72 1.99 2.35 2.71 2.86 2.78 2.68 2.66 2.62 2.62 2.68 2.75 2.76 2.77 2.77
2.32 2.07 2.11 2.33 2.54 2.78 2.85 2.59 2.33 2.19 2.09 2.06 2.10 2.18 2.32 2.54 2.18 2.64 2.97 3.08 3.03 2.76 2.84 3.11 3.95 4.13 3.74 3.36 3.17 3.07 3.01 2.93 2.85 2.78 2.70 2.68 2.70 2.65 2.49 2.37 2.38 2.49 2.61 2.64 2.60 2.52 2.42 2.30 2.20 2.18 2.31 2.36 2.42 2.44 2.60 2.77 2.90 2.97 2.95 3.08 2.68 2.44 2.22 1.99 1.91 1.76 1.64 1.43 1.22 1.63 1.97 2.29 2.59 2.65 2.50 2.43 2.42 2.46 2.54 2.66 2.76 2.81 2.81 2.73
2.11 2.09 2.23 2.38 2.57 2.71 2.32 2.23 2.14 2.26 2.30 2.35 2.47 2.62 2.77 3.02 2.36 2.42 2.75 2.98 2.91 2.50 2.25 2.47 2.66 3.29 4.28 3.95 3.51 3.28 3.16 3.04 2.92 2.86 2.83 2.88 2.87 2.80 2.73 2.70 2.62 2.69 2.76 2.73 2.72 2.62 2.42 2.28 2.18 2.19 2.27 2.44 2.65 2.82 3.00 3.13 3.24 3.27 3.00 3.12 2.76 2.45 2.16 2.16 1.93 1.90 1.75 1.35 1.23 1.71 2.08 2.43 2.72 2.76 2.61 2.54 2.58 2.66 2.73 2.80 2.88 2.89 2.74 2.48
2.13 2.09 2.20 2.33 2.42 2.32 2.42 2.37 2.42 2.37 2.56 2.68 2.84 2.96 2.99 2.98 2.48 2.28 2.39 2.80 2.99 2.80 2.22 2.05 2.26 2.57 3.03 4.40 4.31 3.90 3.55 3.30 3.11 3.02 3.04 3.02 2.98 2.95 2.97 2.97 2.96 2.95 2.88 2.79 2.71 2.53 2.31 2.14 2.06 2.11 2.33 2.47 2.72 3.00 3.16 3.24 3.23 3.19 3.37 2.95 2.58 2.24 2.10 1.91 1.85 1.72 1.43 1.00 1.01 1.53 2.17 2.54 2.75 2.82 2.79 2.81 2.90 2.93 2.93 2.95 2.96 2.81 2.47 2.05
2.08 2.02 2.11 2.24 2.26 2.26 2.35 2.45 2.64 2.88 2.76 2.73 2.81 2.82 2.84 2.52 2.28 2.16 2.12 2.33 2.70 2.82 2.55 2.11 2.00 2.22 2.53 2.83 3.56 4.55 4.38 4.01 3.65 3.42 3.32 3.21 3.16 3.13 3.09 3.05 3.03 3.01 2.94 2.80 2.61 2.40 2.22 2.19 2.29 2.14 2.26 2.55 2.93 3.26 3.37 3.38 3.26 3.56 3.21 2.74 2.40 2.15 1.99 1.83 1.66 1.41 0.95 0.77 1.05 1.71 2.43 2.95 3.08 3.20 3.06 3.02 3.00 2.92 2.87 2.84 2.76 2.47 1.99 1.32
2.00 2.06 2.22 2.29 2.32 2.40 2.57 2.78 2.97 3.10 2.83 2.76 2.57 2.48 2.66 2.22 2.10 1.96 1.87 1.93 2.18 2.38 2.40 2.28 2.07 1.94 2.05 2.27 2.55 2.99 3.68 4.43 4.35 3.94 3.61 3.48 3.43 3.35 3.24 3.16 3.15 3.10 3.00 2.85 2.63 2.38 2.20 2.12 1.86 1.89 2.13 2.59 3.11 3.44 3.50 3.48 3.38 3.49 3.02 2.57 2.28 2.39 1.88 1.49 1.23 1.01 0.88 1.05 1.64 2.36 3.09 3.34 3.48 3.53 3.37 3.22 3.08 2.93 2.85 2.81 2.63 2.18 1.23 1.01
2.08 2.27 2.56 2.72 2.85 2.94 3.03 3.15 3.22 3.17 3.14 2.51 2.35 2.38 2.17 2.05 1.93 1.82 1.65 1.61 1.75 1.94 2.02 2.05 1.92 1.72 1.69 1.81 1.90 2.19 2.64 3.04 3.61 4.47 4.25 3.86 3.62 3.49 3.41 3.37 3.33 3.25 3.09 2.84 2.53 2.16 1.86 1.73 1.61 1.49 1.99 2.80 3.49 3.76 3.80 3.67 3.74 3.36 2.87 2.48 2.18 1.91 1.43 1.22 1.08 1.09 1.27 1.65 2.37 3.09 3.29 3.44 3.37 3.16 3.00 2.97 2.95 2.84 2.81 2.74 2.42 1.44 1.18 1.21
2.60 2.61 2.94 3.11 3.24 3.29 3.35 3.35 3.28 3.10 2.37 2.24 2.20 2.07 1.94 1.86 1.73 1.62 1.50 1.43 1.48 1.59 1.62 1.61 1.52 1.44 1.50 1.63 1.64 1.75 2.10 2.51 2.82 3.02 3.46 4.38 4.14 3.77 3.52 3.43 3.37 3.22 2.97 2.68 2.39 2.02 1.71 1.54 1.19 1.32 2.05 3.10 3.92 4.24 4.04 3.61 3.56 3.09 2.69 2.35 2.03 1.63 1.34 1.29 1.28 1.47 1.94 2.31 2.61 3.17 3.32 3.29 2.94 2.74 2.65 2.95 2.89 2.78 2.72 2.56 2.17 1.35 1.30 1.45
3.00 2.94 3.17 3.25 3.28 3.29 2.71 2.56 3.09 2.17 2.00 1.91 2.03 1.80 1.79 1.72 1.62 1.52 1.48 1.33 1.26 1.30 1.26 1.25 1.25 1.27 1.35 1.46 1.45 1.50 1.68 1.86 2.03 2.31 2.65 2.79 3.40 4.12 3.87 3.52 3.30 3.06 2.77 2.48 2.00 1.85 1.52 1.31 1.20 1.60 2.47 3.80 4.71 4.56 3.97 3.22 3.08 2.67 2.36 2.07 1.85 1.47 1.39 1.40 1.45 1.81 2.53 2.77 2.98 3.10 3.13 2.90 2.68 2.48 2.89 2.81 2.70 2.61 2.52 2.36 2.02 1.34 1.42 1.62
2.97 3.02 2.98 2.86 2.73 2.56 2.39 2.21 2.01 1.84 1.72 1.73 1.96 1.84 1.78 1.65 1.52 1.43 1.44 1.23 1.06 1.04 1.04 1.09 1.17 1.23 1.23 1.24 1.24 1.31 1.43 1.48 1.52 1.74 1.85 1.94 2.29 2.58 3.57 3.81 3.47 3.11 2.83 2.52 2.07 1.72 1.76 1.73 1.96 2.66 3.54 4.90 5.00 4.33 3.42 3.06 2.63 2.32 2.04 1.87 1.65 1.49 1.47 1.49 1.59 1.98 2.61 2.73 2.87 2.89 2.72 2.59 3.05 2.92 2.81 2.69 2.54 2.44 2.33 2.14 1.87 1.55 1.49 1.64
3.11 3.09 2.90 2.71 2.52 2.29 2.10 1.87 1.68 1.60 1.65 1.84 1.89 1.89 1.77 1.61 1.44 1.36 1.36 1.08 0.89 0.93 0.99 1.05 1.09 1.12 1.14 1.13 1.14 1.20 1.30 1.38 1.46 1.66 1.64 1.63 1.81 2.06 2.30 2.77 3.59 3.66 3.29 3.01 2.67 2.42 2.99 3.26 3.83 4.53 5.06 4.97 4.34 3.46 2.77 2.60 2.34 2.09 1.87 1.76 1.47 1.45 1.45 1.50 1.67 2.00 2.47 2.51 2.68 2.66 2.51 2.99 2.95 2.80 2.66 2.51 2.36 2.23 2.11 1.96 1.84 1.83 1.65 1.68
3.36 3.11 2.80 2.53 2.32 2.09 1.89 1.69 1.61 1.68 1.84 2.01 1.94 1.88 1.73 1.56 1.40 1.29 1.25 0.97 0.85 0.90 0.95 0.99 1.01 1.04 1.08 1.11 1.13 1.13 1.13 1.22 1.39 1.49 1.60 1.57 1.64 1.81 1.93 2.13 2.46 3.48 4.19 4.15 4.21 4.36 4.57 4.78 4.96 4.86 4.40 3.87 3.14 2.52 2.21 2.27 2.08 1.86 1.72 1.62 1.32 1.30 1.31 1.42 1.62 1.85 2.27 2.39 2.57 2.45 2.82 2.83 2.70 2.51 2.39 2.26 2.15 2.05 1.94 1.85 1.83 1.90 1.83 1.74
3.42 3.10 2.69 2.37 2.19 2.00 1.82 1.76 1.88 2.02 2.22 2.16 2.04 1.93 1.74 1.56 1.41 1.33 1.16 0.94 0.85 0.85 0.89 0.95 1.01 1.03 1.03 1.05 1.11 1.13 1.09 1.07 1.19 1.80 1.83 1.51 1.56 1.68 1.74 1.86 2.15 2.60 2.95 3.09 3.16 3.28 3.39 3.49 3.58 3.51 3.25 2.70 1.96 1.75 1.95 1.89 1.71 1.57 1.53 1.37 1.20 1.18 1.20 1.31 1.39 1.47 2.08 2.35 2.54 2.33 2.64 2.55 2.40 2.30 2.27 2.21 2.13 2.04 1.94 1.89 1.94 2.03 2.05 1.73
3.43 3.00 2.50 2.15 2.04 1.92 1.85 2.03 2.08 2.20 2.28 2.24 2.10 1.96 1.75 1.55 1.41 1.33 1.18 0.91 0.80 0.81 0.87 0.93 0.95 0.96 0.97 1.02 1.10 1.15 1.11 1.05 1.02 1.17 1.76 1.83 1.89 1.66 1.66 1.68 1.75 1.92 2.10 2.18 2.21 2.22 2.33 2.40 2.38 2.36 2.07 1.60 1.36 1.35 1.63 1.58 1.47 1.47 1.46 1.25 1.10 1.10 1.12 1.14 1.06 1.02 1.36 2.27 2.46 2.30 2.06 2.32 2.26 2.30 2.32 2.29 2.20 2.08 1.98 1.96 2.02 2.07 1.99 1.59
3.24 2.78 2.20 1.89 1.86 1.87 2.00 2.14 2.21 2.25 2.25 2.19 2.06 2.28 1.73 1.48 1.29 1.21 1.15 0.87 0.77 0.81 0.83 0.87 0.87 0.92 0.99 1.05 1.07 1.06 1.03 1.00 1.03 1.13 1.28 1.44 1.89 1.93 1.64 1.57 1.50 1.56 1.61 1.59 1.53 1.50 1.60 1.65 1.56 1.53 1.27 1.03 1.15 1.50 1.49 1.45 1.48 1.54 1.46 1.17 1.05 1.05 1.05 0.99 0.84 0.82 1.12 2.16 2.42 2.29 2.13 2.18 2.38 2.51 2.41 2.37 2.24 2.11 2.01 2.00 2.03 1.99 1.80 1.39
2.96 2.50 2.00 1.81 1.84 1.95 2.15 2.18 2.21 2.22 2.19 2.10 2.29 2.19 2.05 1.88 1.71 1.63 1.62 0.93 0.80 0.80 0.79 0.84 0.89 0.95 1.02 1.04 1.00 0.94 0.92 0.99 1.13 1.23 1.31 1.32 2.10 1.90 1.88 1.54 1.42 1.41 1.46 1.47 1.43 1.46 1.61 1.67 1.43 1.25 1.00 0.97 0.98 1.44 1.48 1.53 1.62 1.57 1.40 1.07 1.07 1.05 1.02 0.86 0.85 0.94 1.14 1.69 2.44 2.32 2.24 2.35 2.54 2.65 2.56 2.45 2.30 2.15 2.05 2.01 1.96 1.82 1.60 1.28
2.70 2.31 2.09 2.06 2.12 2.23 2.31 2.36 2.35 2.33 2.32 2.03 2.27 2.04 1.88 1.74 1.65 1.63 1.15 1.01 0.84 0.82 0.84 0.90 0.98 1.00 1.00 0.96 0.92 0.89 0.90 1.03 1.28 1.35 1.29 1.19 1.60 1.98 1.82 1.76 1.71 1.62 1.54 1.48 1.50 1.63 1.84 1.75 1.45 1.24 1.05 1.02 1.49 1.57 1.66 1.74 1.71 1.54 1.22 1.10 1.09 1.08 1.02 1.01 1.09 1.18 1.26 1.54 2.48 2.48 2.27 2.37 2.76 2.81 2.66 2.53 2.32 2.10 1.97 1.89 1.81 1.68 1.50 1.30
2.64 2.38 2.44 2.59 2.63 2.58 2.45 2.42 2.39 2.33 2.27 2.15 2.15 2.01 1.90 1.85 1.84 1.85 1.86 1.04 0.91 0.93 0.99 1.04 1.07 1.07 1.05 0.97 0.95 0.97 1.00 1.13 1.27 1.32 1.62 1.09 1.36 1.83 1.86 1.66 1.65 1.59 1.48 1.07 1.48 1.71 1.69 1.67 1.44 1.22 1.26 1.13 1.57 1.67 1.72 1.68 1.58 1.48 1.13 1.08 1.08 1.10 1.16 1.25 1.34 1.34 1.35 1.51 2.34 2.38 2.44 2.82 2.94 2.87 2.68 2.51 2.24 1.99 1.86 1.80 1.74 1.66 1.57 1.50
2.78 2.68 2.94 3.01 3.01 2.84 2.65 2.57 2.51 2.39 2.24 2.09 2.07 1.97 1.92 1.91 1.91 1.91 1.91 1.11 1.00 1.05 1.11 1.16 1.16 1.13 1.11 1.04 1.09 1.15 1.12 1.18 1.25 1.53 1.39 1.28 1.74 1.76 1.79 1.82 1.84 1.84 1.54 1.17 1.25 1.78 1.60 1.51 1.44 1.27 1.20 1.50 1.50 1.53 1.44 1.37 1.38 1.30 1.03 1.05 1.08 1.15 1.29 1.41 1.42 1.40 1.44 1.56 1.93 2.61 2.84 2.95 2.93 2.79 2.53 2.39 2.10 1.88 1.81 1.79 1.74 1.68 1.70 1.86
3.01 3.09 3.27 3.27 3.21 2.98 2.82 2.71 2.59 2.42 2.23 2.19 2.06 1.97 1.92 1.87 1.83 1.81 1.84 1.16 1.05 1.09 1.14 1.16 1.15 1.11 1.06 1.06 1.54 1.57 1.19 1.35 1.75 1.95 1.09 0.94 1.13 1.76 1.81 1.81 1.77 1.72 1.82 1.72 1.46 1.87 1.66 1.63 1.53 1.25 1.02 1.36 1.36 1.28 1.18 1.26 1.29 0.97 0.90 0.99 1.07 1.18 1.29 1.36 1.40 1.45 1.50 1.57 1.90 2.77 2.64 2.72 2.66 2.45 2.19 2.18 1.95 1.85 1.84 1.82 1.74 1.73 1.87 2.17
3.28 3.31 3.38 3.33 3.26 3.15 2.89 2.78 2.66 2.46 2.34 2.15 1.98 1.84 1.72 1.62 1.57 1.61 1.70 1.53 1.04 1.06 1.06 1.04 0.99 0.95 1.29 1.42 1.67 1.75 1.58 1.36 1.82 2.00 1.91 1.82 1.77 1.80 1.80 1.77 1.74 1.60 1.84 2.16 2.27 1.98 1.75 1.60 1.35 1.13 1.33 1.20 1.16 1.09 1.17 1.29 1.22 0.84 0.77 0.85 1.00 1.13 1.20 1.28 1.36 1.38 1.32 1.43 1.96 2.62 2.88 2.89 2.72 2.47 1.58 1.56 1.85 1.88 1.86 1.79 1.71 1.75 1.99 2.34
3.41 3.28 3.19 3.20 3.18 3.09 2.97 2.88 2.66 2.44 2.28 2.02 1.79 1.59 1.45 1.39 1.40 1.48 1.61 1.49 0.99 0.97 0.92 0.85 1.11 1.10 1.57 1.58 1.46 1.82 1.46 1.41 1.46 1.87 2.04 1.95 1.87 1.26 1.72 1.69 1.74 1.85 1.98 2.04 2.06 2.17 1.82 1.59 1.21 0.82 1.17 1.11 1.06 1.10 1.25 1.26 1.08 0.67 0.60 0.68 0.88 1.01 1.04 1.16 1.20 1.05 0.94 1.25 2.15 2.70 2.83 2.68 2.39 2.13 1.94 1.77 1.20 1.47 1.72 1.62 1.54 1.58 1.89 2.28
3.37 3.11 2.89 2.94 2.95 2.92 2.87 2.77 2.57 2.26 2.00 1.83 1.63 1.47 1.38 1.38 1.44 1.55 1.68 1.00 0.95 0.88 0.86 0.85 1.01 1.04 1.55 1.48 1.57 1.96 1.80 1.74 1.71 1.50 1.66 2.02 1.93 1.81 1.22 1.69 1.76 1.79 1.78 1.77 1.81 2.01 1.74 1.35 0.92 1.25 1.12 1.12 1.13 1.21 1.26 1.16 0.92 0.52 0.49 0.58 0.78 0.88 0.83 0.81 0.80 0.68 0.70 1.31 2.39 2.75 2.67 2.42 2.08 1.82 1.67 1.57 1.54 1.26 1.51 1.34 1.05 1.12 1.74 2.33
3.21 2.93 2.61 2.70 2.67 2.67 2.61 2.41 2.09 1.62 1.44 1.64 1.66 1.62 1.61 1.65 1.73 1.82 1.89 1.89 1.81 1.73 1.68 1.62 1.59 1.10 1.28 1.79 1.89 2.03 1.85 1.74 1.67 1.62 1.52 1.35 1.45 1.47 1.39 1.24 1.70 1.63 1.59 1.65 1.77 1.99 2.08 1.83 1.41 1.15 1.11 1.16 1.22 1.25 1.22 1.09 0.72 0.47 0.49 0.56 0.64 0.67 0.59 0.47 0.49 0.55 0.81 1.69 2.59 2.64 2.44 2.14 1.82 1.61 1.49 1.44 1.09 1.36 1.28 1.15 0.73 0.92 1.57 2.62
3.01 2.70 2.51 2.48 2.28 2.31 2.12 1.73 1.40 1.18 1.14 1.36 1.72 1.86 1.97 2.07 2.14 2.15 2.12 2.07 1.99 1.92 1.86 1.81 1.78 1.79 1.52 1.52 1.94 1.93 1.97 1.71 1.55 1.42 1.83 1.79 1.74 1.24 1.24 1.25 1.24 1.16 1.59 1.70 1.84 2.04 2.07 1.76 1.37 1.15 1.14 1.23 1.27 1.25 1.20 1.02 0.65 0.41 0.42 0.48 0.46 0.44 0.39 0.35 0.44 0.67 1.23 2.27 2.54 2.39 2.18 1.88 1.58 1.43 1.38 1.38 1.32 1.05 1.03 0.86 0.76 1.00 1.67 2.88
2.90 2.71 2.53 2.30 1.98 1.83 1.53 1.21 1.03 0.99 1.04 1.31 1.73 1.80 1.96 1.98 1.92 1.86 1.82 1.81 1.80 1.78 1.77 2.00 1.97 1.71 1.57 1.55 1.86 1.82 1.83 1.85 1.82 1.73 1.64 1.57 1.50 1.46 1.49 1.56 1.35 1.61 1.68 1.77 1.89 1.76 1.56 1.83 1.47 1.27 1.28 1.34 1.32 1.26 1.15 0.92 0.58 0.32 0.32 0.37 0.33 0.32 0.34 0.38 0.55 1.04 1.86 2.38 2.30 2.11 1.92 1.64 1.37 1.30 1.33 1.56 1.55 0.93 0.88 0.97 1.03 1.21 1.80 3.07
2.81 2.67 2.48 2.20 1.77 1.45 1.15 0.96 0.86 0.90 1.06 1.41 1.83 1.83 2.16 1.45 1.52 1.53 1.52 1.54 1.58 1.60 1.61 1.63 1.64 1.70 1.59 1.47 1.81 1.78 1.76 1.72 1.63 1.52 1.43 1.34 1.30 1.33 1.43 1.53 1.34 1.55 1.72 1.76 1.91 1.74 1.54 1.79 1.49 1.36 1.38 1.36 1.30 1.19 1.01 0.82 0.54 0.34 0.36 0.35 0.30 0.34 0.38 0.43 0.74 1.46 2.12 2.14 1.92 1.76 1.62 1.42 1.20 1.79 1.85 1.83 1.75 0.95 0.95 1.08 1.32 1.52 1.95 3.06
2.72 2.60 2.42 2.12 1.65 1.26 1.04 0.93 0.87 0.98 1.29 1.68 1.96 1.86 1.86 2.14 1.35 1.35 1.30 1.28 1.34 1.43 1.67 1.63 1.61 1.56 1.47 1.39 1.36 1.77 1.75 1.67 1.52 1.39 1.30 1.25 1.27 1.37 1.47 1.55 1.62 1.53 1.69 1.74 1.64 1.59 1.96 1.68 1.42 1.30 1.26 1.22 1.13 0.99 0.84 0.71 0.63 0.45 0.42 0.38 0.38 0.45 0.44 0.49 0.90 1.71 1.94 1.31 1.17 1.12 1.59 1.77 1.76 1.77 1.68 1.67 1.59 1.30 0.99 1.27 1.66 2.01 2.23 2.54
2.67 2.56 2.34 2.04 1.65 1.35 1.18 1.09 1.12 1.33 1.66 1.97 2.06 1.85 1.80 2.05 1.24 1.22 1.17 1.16 1.20 1.27 1.56 1.53 1.49 1.44 1.76 1.38 1.76 1.75 1.73 1.64 1.52 1.42 1.34 1.32 1.37 1.46 1.52 1.59 1.65 1.47 1.51 1.48 1.84 1.97 1.86 1.60 1.31 0.62 0.55 0.51 0.39 0.24 0.12 0.06 0.11 0.17 0.22 0.29 0.34 0.37 0.40 0.54 0.29 0.59 1.16 1.03 1.01 1.46 1.49 1.56 1.66 1.53 1.40 1.24 1.24 0.99 1.22 1.59 2.16 2.68 1.99 1.87
2.64 2.51 2.17 1.94 1.79 1.60 1.39 1.34 1.51 1.83 2.00 2.09 2.08 2.03 1.98 1.95 1.91 1.15 1.16 1.14 1.43 1.42 1.43 1.44 1.38 1.70 1.70 1.74 1.76 1.75 1.71 1.64 1.56 1.48 1.41 1.42 1.48 1.54 1.57 1.61 1.64 1.63 1.62 1.65 1.77 1.88 1.78 1.50 1.14 0.43 0.39 0.39 0.31 0.17 0.08 0.08 0.04 0.09 0.22 0.35 0.43 0.46 1.12 0.77 0.35 0.48 0.86 0.87 0.92 0.81 1.26 1.33 1.36 1.03 0.88 0.99 0.93 1.22 1.57 2.10 3.00 2.81 1.97 1.67
2.58 2.43 2.09 1.91 1.91 1.67 1.49 1.55 1.89 2.05 2.11 2.12 2.07 1.99 1.93 1.87 1.83 1.13 1.13 1.12 1.37 1.35 1.33 1.30 1.65 1.63 1.69 1.73 1.74 1.72 1.67 1.62 1.56 1.49 1.47 1.51 1.56 1.57 1.58 1.59 1.60 1.59 1.59 1.63 1.72 1.78 1.67 1.36 0.98 0.28 0.30 0.35 0.29 0.15 0.04 0.57 0.68 0.78 0.93 1.03 1.05 1.01 0.85 0.65 0.41 0.52 0.80 0.81 0.87 0.78 0.83 0.84 0.87 0.70 0.67 0.73 0.86 1.40 1.96 2.83 3.40 2.88 2.43 2.03
2.49 2.34 1.98 1.78 1.75 1.70 1.68 1.79 2.07 2.17 2.19 2.15 2.06 1.97 1.91 1.87 1.82 1.28 1.23 1.17 1.38 1.37 1.33 1.26 1.59 1.63 1.68 1.70 1.69 1.66 1.63 1.60 1.55 1.52 1.55 1.58 1.57 1.56 1.56 1.57 1.57 1.57 1.59 1.63 1.66 1.67 1.56 1.24 0.85 0.19 0.26 0.34 0.29 0.14 0.06 0.79 0.95 1.01 0.74 0.82 1.01 1.09 0.91 0.64 0.52 0.54 0.36 0.29 1.00 0.92 0.83 0.49 0.62 0.39 0.43 1.07 1.23 1.58 2.41 3.70 3.23 2.69 2.30 1.98
