smrf/tests/basins/Lakes/input/data20191001/wind_ninja_data/topo_windninja_topo_10-01-2019_1500_50m_ang.asc
ncols	157
nrows	169
xllcorner	319975.000000
yllcorner	4158275.000000
cellsize	50.000000
NODATA_value	-9999.000000
[rows 0 to 45 of 169, columns 0 to 95 of 157]
341 347 351 352 355 357 358 358 357 356 355 354 354 354 24 14 350 344 340 339 338 337 336 336 8 18 2 8 13 12 13 12 10 345 343 341 341 340 341 340 355 354 356 359 0 0 1 1 359 358 356 355 354 353 354 353 353 352 351 336 345 349 350 350 352 343 342 341 340 338 339 340 340 337 329 324 323 324 325 323 321 319 318 318 317 317 316 316 317 317 317 317 316 316 316 317
341 347 351 352 355 357 358 358 357 356 355 354 354 354 24 14 350 344 340 339 338 337 336 336 8 18 2 8 13 12 13 12 10 345 343 341 341 340 341 340 355 354 356 359 0 0 1 1 359 358 356 355 354 353 354 353 353 352 351 336 345 349 350 350 352 343 342 341 340 338 339 340 340 337 329 324 323 324 325 323 321 319 318 318 317 317 316 316 317 317 317 317 316 316 316 317
327 336 345 349 353 357 358 358 357 356 355 355 355 355 12 356 353 346 340 339 338 337 336 335 359 7 9 9 14 12 13 12 12 5 348 343 342 342 342 348 357 355 355 357 358 359 0 360 358 357 355 353 351 350 351 351 351 351 348 346 346 345 347 342 343 341 338 337 335 334 334 334 333 330 327 323 323 325 326 323 321 319 319 318 317 317 317 317 317 317 317 317 317 316 316 317
311 320 334 343 353 357 5 2 357 355 354 354 357 359 0 360 356 349 342 341 343 339 337 335 355 2 4 2 4 14 17 15 12 7 5 5 4 4 3 360 356 345 345 346 348 344 358 358 357 356 354 352 350 346 346 349 351 344 332 343 339 342 338 340 339 337 334 331 328 326 325 323 322 323 322 322 321 321 324 321 320 319 319 318 318 317 317 317 317 317 317 317 317 317 317 317
304 312 332 360 15 14 2 358 353 353 353 354 358 2 3 3 358 351 358 356 345 343 344 343 353 357 359 1 1 3 2 1 4 5 2 357 356 355 354 345 344 342 342 338 339 340 353 354 355 354 353 352 350 345 344 344 349 347 344 341 339 345 337 337 336 335 331 328 325 322 320 321 317 317 319 320 321 320 320 319 319 319 319 319 318 317 317 317 316 316 316 316 316 316 316 317
316 329 356 7 10 7 356 353 348 349 352 355 358 3 7 6 2 5 6 5 2 359 357 354 350 352 357 359 358 357 354 355 358 0 6 4 5 2 359 359 343 341 353 333 350 336 349 350 351 353 353 351 352 348 344 342 340 338 336 336 341 335 337 336 335 333 330 328 324 320 318 316 315 316 319 320 319 320 320 319 318 318 319 318 318 317 316 316 315 315 315 315 316 315 315 316
329 343 360 1 3 2 0 351 345 348 353 358 1 5 8 6 2 16 16 17 17 16 9 2 357 356 357 357 354 352 352 354 354 353 353 354 354 355 3 1 2 3 1 360 358 353 351 350 350 351 350 348 347 350 342 340 337 333 332 328 332 337 338 338 335 356 331 328 325 319 316 314 313 317 320 322 320 321 321 320 319 319 320 320 319 318 317 315 313 313 314 315 315 314 314 314
352 354 355 356 358 359 357 351 346 350 356 0 3 5 5 2 359 13 10 13 11 14 11 14 16 10 3 357 355 354 352 352 353 351 349 348 347 350 352 354 354 351 348 349 352 356 353 353 352 350 344 343 342 348 346 343 341 339 333 326 332 337 340 340 358 329 327 328 324 313 309 306 307 310 314 314 315 317 318 318 318 319 320 321 320 318 315 312 311 311 312 313 313 313 312 312
1 355 351 350 353 357 337 341 346 359 1 359 1 1 360 358 357 6 15 12 11 14 4 0 7 22 16 4 357 354 352 352 352 350 347 346 348 351 349 348 339 339 348 352 355 356 357 354 353 351 353 350 345 342 341 340 340 339 342 330 336 340 343 3 338 334 334 339 331 314 308 306 306 309 312 313 315 317 318 319 319 319 321 321 320 316 309 306 307 309 311 312 312 311 311 311
6 358 353 349 350 351 357 1 6 358 358 355 356 356 356 350 353 359 10 18 12 8 10 359 360 6 17 22 7 358 354 352 350 347 346 346 348 349 349 349 348 347 349 353 357 359 359 356 355 356 345 323 321 333 334 339 339 333 326 333 340 344 11 343 339 336 339 348 332 312 306 305 305 308 312 316 319 319 320 321 320 320 322 323 321 313 303 302 304 307 310 311 311 311 310 310
6 359 354 354 357 2 2 3 3 3 354 350 351 352 352 347 349 354 2 13 20 17 14 9 360 357 2 11 21 18 7 360 354 350 348 348 347 348 350 350 350 349 349 353 359 1 2 1 353 328 323 319 318 331 337 340 339 324 329 336 343 347 348 346 343 341 351 354 331 315 309 316 317 318 312 316 319 321 321 319 319 320 323 326 324 313 301 301 304 306 309 310 311 310 309 309
5 356 352 354 357 0 360 359 358 359 352 352 348 349 349 342 344 349 357 7 15 17 15 12 6 358 356 360 7 16 22 19 7 359 354 351 350 350 350 350 349 349 350 353 357 0 356 342 328 323 317 313 313 328 337 340 334 326 332 339 346 9 352 356 354 354 357 346 329 321 321 321 323 326 330 332 321 322 322 321 322 324 334 335 329 321 308 302 304 309 310 311 311 309 307 306
359 353 351 352 355 357 356 356 356 356 359 346 347 348 339 337 339 345 352 2 10 12 11 10 8 4 355 353 358 5 10 12 18 14 4 357 354 353 352 352 351 351 353 354 355 347 327 325 323 317 309 307 318 329 337 336 328 330 336 342 349 354 5 9 6 357 347 336 326 327 324 324 327 332 336 336 336 323 322 322 325 334 342 339 332 327 317 307 306 309 312 311 310 308 305 303
352 348 349 350 353 355 355 354 354 356 343 345 347 340 334 332 334 340 346 354 5 8 9 11 11 6 354 349 352 355 356 359 1 4 15 14 4 359 356 355 356 357 357 358 354 339 326 325 321 311 303 303 314 329 341 339 332 336 340 347 354 4 15 14 6 350 337 330 325 328 325 326 326 329 333 320 322 323 321 321 325 341 344 338 332 328 320 310 320 310 312 313 309 307 303 302
342 344 345 347 350 352 333 335 353 339 341 344 345 333 329 328 331 336 341 346 360 7 11 13 12 5 353 347 349 349 346 347 350 355 359 8 18 15 4 359 0 3 1 356 342 333 327 328 325 313 305 308 320 335 341 346 337 339 344 352 360 15 17 13 2 342 339 335 330 328 328 327 323 326 316 318 321 321 321 322 328 343 342 335 332 327 319 310 318 322 311 313 312 307 304 303
316 317 321 325 328 329 331 334 336 338 339 340 340 329 327 327 329 333 337 340 357 10 13 11 6 2 355 348 346 344 341 340 341 344 347 355 2 10 358 12 7 3 357 350 339 334 334 335 330 323 317 322 333 342 350 341 340 342 348 356 8 17 16 12 358 339 340 337 331 331 330 322 312 313 314 316 319 320 321 322 327 336 337 333 331 326 319 311 319 318 320 311 314 312 311 309
313 314 319 324 326 329 331 333 334 335 335 335 327 324 325 326 329 331 333 337 356 8 10 7 2 358 357 351 347 342 338 338 339 340 340 343 348 354 2 17 15 6 355 349 344 341 342 340 336 334 333 338 340 354 360 345 343 345 351 357 13 18 15 9 355 338 344 339 333 332 325 312 312 313 313 314 316 318 319 321 325 329 331 331 331 326 318 311 318 316 316 320 323 318 321 314
313 312 317 323 326 330 334 335 334 332 331 329 322 322 322 324 328 332 332 335 353 2 3 4 1 355 355 353 348 344 340 335 334 335 337 338 339 342 348 357 9 13 358 354 352 350 350 348 347 348 342 340 350 5 7 347 346 349 353 358 16 19 14 5 352 337 341 335 331 327 313 311 310 309 309 309 311 314 316 318 321 324 327 330 330 325 316 310 314 314 315 319 324 325 326 316
313 311 317 323 328 334 338 337 335 330 330 326 323 323 322 324 328 333 333 339 351 356 355 357 359 355 353 351 346 345 348 341 330 336 337 332 334 335 336 341 347 349 348 348 350 350 349 350 348 344 340 343 1 10 351 347 348 351 352 3 20 20 10 0 352 339 332 328 328 325 309 308 306 305 305 307 310 312 315 318 319 321 324 329 331 324 315 310 306 311 314 320 326 326 318 319
314 310 314 322 328 335 339 337 328 327 326 326 324 325 324 325 329 332 333 339 351 353 349 349 354 355 351 349 343 341 346 350 339 325 331 333 336 331 330 330 332 333 334 335 337 338 337 335 336 333 334 348 11 14 347 346 349 349 351 7 24 20 7 358 355 343 321 322 325 324 323 305 304 303 305 307 310 313 315 317 318 319 322 329 332 324 315 309 303 306 315 323 325 322 318 317
316 313 312 317 324 333 337 329 326 326 326 326 325 333 325 327 330 332 333 335 346 351 348 343 347 351 349 347 345 341 341 346 344 333 325 323 333 334 328 327 325 323 321 319 319 320 318 313 314 315 321 349 7 346 344 345 345 346 354 13 25 20 8 1 0 344 319 314 323 326 324 325 319 319 305 308 311 313 315 316 316 316 320 327 330 324 316 310 304 311 321 323 321 318 317 315
321 319 316 314 319 327 330 325 325 326 326 326 332 333 334 336 338 339 339 332 341 349 350 341 342 347 346 346 346 344 341 337 333 336 339 330 335 332 332 326 326 324 320 317 316 315 312 306 310 317 324 342 6 340 340 342 342 346 357 24 24 19 14 14 2 344 322 307 319 322 323 318 315 318 321 308 312 315 316 316 315 315 318 324 325 322 318 313 310 311 314 317 317 316 314 311
328 327 325 322 321 324 328 328 329 331 331 325 334 333 335 337 339 340 332 332 341 350 351 343 341 348 349 348 347 344 344 334 326 331 345 346 330 334 330 330 330 329 325 321 318 316 313 303 308 324 338 351 337 337 338 341 343 350 6 23 24 20 20 10 357 346 330 312 317 320 302 302 317 321 323 311 314 316 316 315 314 314 317 320 321 320 317 313 309 306 311 312 311 310 308 307
336 334 332 332 329 325 329 330 330 331 331 331 334 336 338 340 341 341 340 335 344 351 352 349 344 351 356 353 346 342 344 340 330 329 332 347 333 332 330 325 327 328 328 322 319 315 305 301 305 322 336 356 338 336 338 342 345 352 13 23 22 20 14 3 354 348 336 320 314 305 305 320 322 323 327 313 316 317 316 315 314 315 317 319 320 318 315 310 305 306 307 306 306 305 303 302
339 337 337 336 334 330 333 333 332 333 333 333 336 338 339 340 341 342 341 337 344 347 349 351 350 353 359 355 342 336 341 347 345 330 329 333 331 331 328 328 330 333 327 325 323 316 308 312 317 327 339 333 335 333 336 339 343 353 18 23 19 13 5 358 354 350 339 325 313 317 324 325 325 327 331 316 317 318 317 315 315 316 317 319 319 318 314 311 309 306 305 303 303 303 302 301
337 338 338 339 338 334 336 337 335 335 336 339 339 339 339 339 340 341 340 334 339 343 345 347 350 353 356 349 342 339 337 350 335 323 356 353 338 329 328 328 329 331 332 323 324 320 317 322 326 332 343 333 331 330 332 333 339 360 19 19 13 5 357 355 353 348 341 328 315 324 326 327 327 330 333 318 318 318 317 317 317 317 316 317 317 317 313 308 306 307 305 304 303 302 301 300
331 334 338 340 341 340 339 340 339 339 343 343 342 340 338 337 337 337 337 333 334 339 344 344 346 349 344 342 346 343 335 345 339 326 325 325 326 327 327 327 328 328 328 328 327 320 313 315 322 330 327 329 327 328 327 327 336 0 18 13 5 356 351 349 346 342 337 324 312 308 308 309 312 314 343 350 318 317 318 319 318 316 313 312 327 311 308 304 303 305 306 305 304 302 300 299
324 329 336 339 341 342 343 343 342 344 349 349 346 342 338 335 333 332 331 328 331 336 343 348 339 338 341 343 343 340 328 335 354 343 330 329 328 356 326 326 325 324 322 322 323 321 309 310 317 334 326 324 323 325 322 324 334 1 17 5 353 346 343 340 337 334 327 313 306 304 304 305 307 310 311 314 350 345 314 316 315 310 305 303 303 303 301 300 301 303 304 305 304 302 301 300
320 326 333 336 340 342 343 344 347 351 355 355 351 346 340 335 332 329 328 332 340 343 352 3 345 336 337 339 338 337 331 332 337 358 6 335 332 330 346 325 322 319 316 314 314 314 300 304 315 320 325 323 322 322 320 322 334 6 10 352 341 336 333 332 329 325 315 304 302 301 300 299 300 302 303 306 308 336 306 308 303 296 293 294 298 301 303 303 305 306 304 304 304 302 301 301
322 325 328 332 337 340 344 346 350 356 360 359 355 350 344 339 335 332 330 329 329 330 331 332 333 1 331 334 334 334 329 329 334 340 348 4 6 8 356 340 320 317 312 309 308 307 305 305 311 320 324 322 321 321 319 322 338 7 359 343 335 330 326 324 319 312 304 301 300 298 296 294 293 292 292 293 323 297 295 303 279 276 280 301 296 319 323 324 308 308 308 307 306 302 300 299
326 327 327 330 333 337 344 349 355 360 1 358 354 350 346 342 339 337 335 334 333 334 334 335 336 334 346 329 330 330 331 326 329 337 335 337 338 355 353 348 342 336 314 310 307 304 301 303 310 320 322 321 321 321 321 324 340 4 354 340 332 324 317 313 308 303 301 302 299 296 292 289 286 282 279 279 281 277 287 263 258 267 276 297 308 322 325 326 308 307 306 306 302 300 299 298
332 333 331 331 332 334 345 354 358 0 356 351 344 346 6 5 3 1 0 2 6 6 6 338 339 4 359 343 330 327 326 327 328 330 333 335 337 337 334 328 345 321 317 313 309 319 317 308 315 323 323 322 323 323 324 328 341 6 355 340 333 320 311 310 308 303 302 301 298 293 288 283 277 271 268 230 215 243 236 244 257 270 276 292 307 319 324 325 325 304 304 301 300 299 298 297
337 337 336 336 335 335 346 356 357 355 349 342 342 339 342 352 355 353 353 358 1 3 4 6 6 351 348 346 332 327 324 322 323 327 330 332 334 334 331 327 344 341 319 315 310 321 321 311 319 325 324 323 325 325 328 333 347 7 358 350 343 327 317 314 309 304 301 298 293 286 279 273 268 205 204 204 201 226 228 246 267 278 280 288 303 317 322 320 302 304 305 305 301 299 297 294
340 341 341 342 343 342 349 358 355 347 341 335 337 335 338 339 351 351 349 352 356 360 350 352 352 351 350 347 343 329 325 322 322 324 327 330 331 331 329 327 324 340 336 332 324 317 306 310 317 322 322 321 322 325 329 336 345 356 358 357 348 333 326 319 307 302 297 282 272 262 226 211 202 194 197 202 201 208 250 265 280 290 290 282 291 306 319 320 321 325 326 305 302 300 295 284
344 344 346 349 352 352 354 358 351 342 338 335 335 333 335 337 347 353 351 349 350 356 350 351 351 351 339 348 333 330 328 325 325 326 328 330 330 329 329 327 324 339 337 332 310 305 304 308 314 308 303 297 296 300 311 27 50 41 29 14 359 346 335 321 34 223 282 271 263 226 203 200 197 191 196 210 210 263 274 282 292 309 297 287 275 300 321 325 324 329 328 303 298 299 297 271
346 347 350 355 358 358 358 357 349 341 337 334 334 335 336 336 336 353 353 352 342 343 347 350 351 340 338 335 333 331 330 329 328 329 330 330 329 329 328 327 324 323 320 317 311 305 304 307 312 296 284 273 268 259 212 158 120 17 2 358 355 351 74 64 56 186 277 269 268 266 202 189 192 196 211 213 235 277 284 294 311 306 308 306 289 309 326 329 323 324 322 313 308 317 286 275
347 350 354 359 2 2 360 354 346 341 337 335 335 335 336 335 335 353 354 353 343 343 345 349 340 339 337 335 333 332 331 330 330 331 331 330 329 329 328 327 325 323 321 318 312 307 304 306 312 284 267 263 262 254 212 133 117 97 83 74 71 76 75 66 70 135 179 288 285 286 229 201 187 193 208 245 256 284 288 300 321 313 316 315 298 313 324 326 322 322 319 313 314 309 312 306
350 354 359 3 6 4 358 351 345 340 338 336 336 337 336 336 336 360 2 359 342 344 347 350 339 337 335 334 333 332 331 331 331 332 331 330 329 329 328 327 325 324 322 319 314 309 306 308 313 273 264 267 268 268 298 163 135 126 99 76 68 66 63 58 61 72 94 188 314 313 313 249 185 193 255 294 295 292 293 316 314 318 319 315 299 309 318 324 329 330 326 323 326 316 324 317
355 359 4 7 7 1 355 349 344 341 339 338 338 338 337 337 338 337 333 327 1 346 349 337 338 336 334 333 332 332 332 331 332 332 331 330 329 329 328 327 326 325 323 320 317 313 310 310 314 272 274 278 281 291 314 183 165 163 147 100 67 63 57 45 44 39 32 15 34 332 332 330 294 229 296 304 302 297 299 314 326 320 318 315 301 312 322 330 335 334 335 335 336 319 324 323
2 5 8 8 4 358 353 348 344 342 341 340 340 339 338 339 340 340 337 331 343 2 352 354 337 335 334 333 332 332 331 331 332 332 331 330 329 329 328 327 326 325 323 321 319 317 315 316 320 305 301 301 309 320 327 194 187 198 207 168 89 71 58 29 23 28 13 5 3 33 342 341 328 264 319 312 305 300 303 333 328 319 315 312 304 319 327 333 335 335 340 335 318 320 325 325
7 9 10 8 2 355 351 348 345 343 342 341 340 339 339 340 341 341 339 358 4 4 356 355 337 335 334 333 333 333 331 331 332 332 332 330 329 329 328 327 327 325 324 322 321 320 321 325 330 334 328 327 333 335 338 332 318 319 329 343 106 76 41 4 11 23 12 4 3 10 10 30 345 333 312 320 312 305 322 338 343 322 310 309 319 325 332 335 337 334 333 321 320 320 337 336
10 12 12 9 360 352 349 348 347 345 343 341 340 340 339 340 340 341 339 358 4 357 359 356 336 334 334 333 333 333 332 331 332 332 332 331 330 329 328 328 327 326 325 323 323 323 325 330 335 336 336 344 349 346 347 340 324 323 333 348 100 63 6 354 8 19 18 4 4 5 3 1 359 351 339 329 319 311 325 340 332 312 306 320 328 333 336 338 334 336 331 333 322 332 331 337
13 16 14 6 357 351 349 349 348 345 343 341 341 340 339 339 339 340 338 347 6 1 2 357 352 334 334 333 333 333 333 332 332 332 332 331 330 329 329 329 328 327 325 324 324 325 327 330 333 336 339 344 356 355 354 344 330 329 339 353 350 48 357 358 3 14 16 4 360 0 355 350 351 341 337 330 322 315 328 332 327 312 306 325 334 337 337 337 337 333 333 331 337 332 336 338
18 17 9 1 356 353 351 350 348 346 344 342 341 341 340 339 338 338 336 335 355 2 2 356 336 334 334 333 333 333 333 333 333 333 333 332 330 329 329 329 329 327 326 326 325 326 327 329 330 332 338 344 355 358 357 346 335 335 345 353 348 54 34 326 331 14 18 13 2 1 351 345 341 329 328 324 321 317 328 330 324 316 310 330 338 339 341 340 338 333 332 336 336 338 337 338
13 11 3 360 359 356 354 352 349 347 344 343 342 341 340 338 338 337 336 335 355 1 1 355 335 334 333 332 332 332 332 332 333 334 334 332 331 344 330 330 329 328 327 326 326 326 327 327 328 330 335 341 345 359 356 345 337 340 348 350 344 3 323 327 332 336 28 13 357 358 358 354 339 323 321 316 316 317 318 323 327 321 323 338 340 345 343 343 333 332 334 340 341 338 336 337
5 3 0 1 1 359 355 353 350 347 344 343 343 342 340 338 338 339 337 336 354 358 339 353 334 333 332 331 331 330 330 331 332 334 333 332 331 330 331 331 330 329 328 327 326 325 325 326 326 329 333 339 345 358 353 344 340 344 348 347 342 331 325 328 335 340 27 5 358 356 0 1 344 339 321 314 311 313 318 325 328 322 331 341 348 349 344 336 329 332 342 345 342 340 338 336
