smrf/tests/basins/Lakes/input/data20191001/wind_ninja_data/topo_windninja_topo_10-01-2019_1500_50m_vel.asc
ncols	157
nrows	169
xllcorner	319975.000000
yllcorner	4158275.000000
cellsize	50.000000
NODATA_value	-9999.000000
[rows 114 to 151 of 169, columns 0 to 83 of 157]
0.31 0.33 0.36 1.07 0.33 0.27 0.20 0.16 0.67 0.56 0.53 0.52 0.47 0.40 0.35 0.35 0.38 0.30 0.18 0.40 0.50 0.60 0.74 0.83 0.99 0.92 0.83 0.78 0.77 0.76 0.75 0.63 0.69 0.82 0.96 0.83 0.83 0.88 0.91 0.92 0.96 1.02 1.09 1.15 1.22 1.32 1.67 2.17 2.46 2.06 1.16 1.05 0.60 0.60 0.65 0.71 0.74 0.70 0.70 0.61 0.45 0.33 0.29 0.14 0.24 1.02 0.97 0.53 0.95 1.00 0.44 0.42 0.49 0.80 0.82 1.19 1.25 1.23 1.10 0.94 0.90 0.92 0.95 0.66
0.34 0.34 0.34 0.32 0.27 0.20 0.15 0.79 0.63 0.55 0.54 0.51 0.47 0.41 0.33 0.30 0.24 0.26 0.33 0.45 0.52 0.64 0.76 0.82 0.96 0.86 0.77 0.73 0.72 0.51 0.52 0.58 0.65 0.71 0.76 0.80 0.50 0.88 0.63 0.70 0.95 0.99 1.05 1.10 1.17 1.24 1.35 1.67 2.12 2.57 1.73 1.56 1.41 1.11 0.85 0.74 0.75 0.79 0.79 0.71 0.62 0.45 0.19 0.47 0.95 0.62 0.53 0.90 0.91 0.97 1.03 1.07 1.08 1.00 0.98 0.80 1.30 1.32 1.19 1.00 0.93 0.91 0.60 0.61
1.19 1.07 0.27 0.27 0.20 0.13 1.04 0.64 0.59 0.54 0.52 0.49 0.46 0.38 0.31 0.22 0.23 0.23 0.35 0.47 0.55 0.68 0.79 1.18 0.90 0.78 0.71 0.69 0.48 0.46 0.47 0.53 0.61 0.68 0.74 0.39 0.49 0.53 0.59 0.93 0.95 0.97 1.02 1.06 1.12 1.20 1.27 1.35 1.59 2.02 2.44 2.57 2.17 1.64 1.01 0.76 0.84 0.93 0.97 0.88 0.58 0.19 0.33 0.77 0.84 1.05 1.05 0.86 0.84 0.92 0.99 1.03 1.05 1.11 1.16 1.35 1.36 1.41 1.28 1.10 0.99 0.60 0.57 0.58
1.19 0.28 0.23 0.21 0.14 0.10 0.71 0.58 0.55 0.50 0.48 0.48 0.42 0.34 0.31 0.26 0.24 0.29 0.42 0.49 0.57 0.69 0.80 0.95 0.84 0.72 0.66 0.45 0.45 0.44 0.45 0.50 0.57 0.62 0.20 0.11 0.42 0.25 0.91 0.93 0.72 1.00 0.82 1.05 1.09 1.11 1.25 1.32 1.43 1.63 1.94 2.35 2.58 2.12 1.48 1.13 1.15 1.08 1.05 0.72 0.16 0.24 0.39 0.30 0.12 1.00 1.05 0.86 0.81 0.88 0.95 1.01 1.03 0.95 1.31 1.42 1.43 1.45 1.37 1.21 1.09 0.64 0.58 0.58
1.21 0.56 0.19 0.16 0.08 1.08 0.67 0.59 0.54 0.51 0.53 0.55 0.50 0.42 0.36 0.24 0.23 0.37 0.44 0.50 0.59 0.70 0.94 0.96 0.85 0.70 0.42 0.40 0.42 0.41 0.42 0.48 0.55 0.59 0.06 0.05 0.79 0.86 0.89 0.90 0.93 0.72 0.79 0.86 0.94 1.15 1.22 1.30 1.40 1.49 1.62 1.91 2.34 2.69 2.40 2.15 1.72 1.13 0.71 0.13 0.25 0.23 0.09 0.16 0.12 0.15 1.06 0.92 0.81 0.82 0.87 0.94 1.01 1.11 1.32 1.46 1.47 1.48 1.43 1.32 1.20 1.07 0.73 0.67
1.10 1.08 0.16 0.11 0.06 0.90 0.66 0.60 0.56 0.57 0.62 0.62 0.53 0.41 0.34 0.25 0.23 0.38 0.44 0.50 0.59 0.74 0.93 0.98 0.89 0.74 0.43 0.37 0.38 0.41 0.37 0.17 0.08 0.11 0.11 0.18 0.08 0.79 0.84 0.86 0.86 0.55 0.41 0.48 0.91 1.01 1.22 1.28 1.34 1.41 1.50 1.66 1.99 2.44 2.72 2.67 2.18 0.97 0.31 0.31 0.25 0.06 0.09 0.07 0.93 0.09 1.07 1.01 0.86 0.79 0.78 0.81 0.91 1.08 1.29 1.46 0.99 1.47 1.44 1.38 1.34 0.92 0.80 0.77
0.25 0.92 0.27 0.10 0.11 0.76 0.65 0.57 0.59 0.64 0.64 0.58 0.46 0.41 0.11 0.26 0.34 0.39 0.44 0.48 0.56 0.81 0.93 1.01 0.93 0.80 0.48 0.39 0.38 0.33 0.32 0.19 0.22 0.19 0.04 0.10 0.04 0.76 0.46 0.49 0.37 0.17 0.28 0.44 0.50 0.94 1.07 1.19 1.29 1.37 1.44 1.56 1.77 2.08 2.41 2.68 2.47 1.30 0.52 0.33 0.18 0.21 0.14 0.18 0.06 1.03 1.13 1.12 0.97 0.83 0.75 0.57 0.58 0.81 0.99 1.36 1.24 1.16 1.44 1.42 1.16 1.12 1.00 1.21
0.28 0.29 0.26 0.19 0.57 0.29 0.58 0.55 0.61 0.61 0.59 0.53 0.51 0.47 0.12 0.17 0.34 0.32 0.43 0.46 0.52 0.60 0.83 1.01 0.94 0.84 0.54 0.44 0.40 0.34 0.38 0.23 0.33 0.12 0.07 0.07 0.12 0.37 0.44 0.42 0.32 0.11 0.27 0.37 0.45 0.53 0.63 0.75 1.31 0.93 1.02 1.52 1.64 1.83 2.08 2.47 3.07 1.82 0.94 0.42 0.40 0.28 0.13 0.19 0.58 0.68 1.24 1.24 1.09 0.94 0.82 0.45 0.86 0.70 0.85 1.05 1.24 1.18 0.98 1.47 1.25 1.37 1.41 1.39
0.26 0.25 0.21 0.13 0.17 0.17 0.13 0.15 0.54 0.59 0.57 0.57 0.54 0.46 0.40 0.17 0.35 0.38 0.40 0.43 0.45 0.55 0.75 1.02 0.95 0.66 0.58 0.49 0.44 0.38 0.34 0.25 0.27 0.32 0.21 0.12 0.14 0.37 0.45 0.42 0.16 0.14 0.23 0.26 0.33 0.48 0.62 0.73 0.85 0.90 1.00 1.13 1.57 1.70 1.90 2.25 3.01 2.63 1.57 0.77 0.55 0.29 0.29 0.24 0.29 0.88 1.10 0.97 1.22 1.08 0.93 0.49 0.60 0.81 0.96 1.16 1.20 1.35 0.87 1.21 1.22 1.55 1.62 1.57
0.23 0.20 0.10 0.13 0.15 0.16 0.15 0.18 0.20 0.56 0.59 0.62 0.58 0.57 0.44 0.18 0.32 0.36 0.37 0.38 0.41 0.52 0.71 1.00 0.76 0.68 0.61 0.54 0.49 0.41 0.22 0.20 0.39 0.37 0.28 0.12 0.16 0.36 0.47 0.44 0.18 0.07 0.15 0.21 0.26 0.29 0.42 0.59 0.71 0.88 1.01 1.13 1.27 1.63 1.78 2.02 2.62 3.42 2.54 1.38 0.78 0.68 0.37 0.27 0.36 0.89 1.08 1.11 0.95 1.23 0.88 0.60 0.61 0.86 1.10 1.39 1.16 1.38 0.79 1.09 1.08 1.60 1.83 1.41
0.19 0.11 0.10 0.13 0.15 0.19 0.21 0.20 0.21 0.23 0.60 0.65 0.66 0.60 0.51 0.26 0.30 0.33 0.34 0.24 0.39 0.50 0.68 0.78 0.77 0.70 0.64 0.57 0.53 0.42 0.15 0.16 0.31 0.41 0.34 0.10 0.19 0.44 0.50 0.45 0.21 0.11 0.07 0.10 0.10 0.13 0.19 0.33 0.58 0.87 1.04 1.14 1.26 1.61 1.70 1.84 2.12 2.93 3.41 2.45 1.46 1.00 0.68 0.54 0.48 1.08 1.22 1.01 1.17 1.21 1.00 0.81 0.62 0.74 1.09 1.44 1.66 1.47 0.79 1.24 0.98 1.57 1.97 1.64
0.17 0.10 0.11 0.12 0.18 0.20 0.21 0.22 0.22 0.22 0.26 0.69 0.68 0.69 0.24 0.25 0.28 0.31 0.31 0.19 0.38 0.49 0.62 0.73 0.75 0.71 0.65 0.59 0.50 0.38 0.11 0.06 0.22 0.37 0.27 0.03 0.24 0.48 0.40 0.16 0.21 0.40 0.34 0.35 0.41 0.38 0.32 0.37 0.55 0.79 0.95 1.06 1.17 1.58 1.66 1.76 1.88 2.32 3.28 2.98 2.34 1.59 1.32 1.07 0.80 1.23 1.40 1.26 1.17 1.35 1.34 1.13 0.81 0.65 1.02 1.38 1.72 1.51 0.84 1.12 1.02 1.57 2.13 1.82
0.12 0.10 0.11 0.11 0.17 0.20 0.21 0.23 0.23 0.24 0.25 0.28 0.68 0.24 0.23 0.24 0.26 0.28 0.44 0.30 0.36 0.35 0.57 0.66 0.71 0.70 0.66 0.57 0.48 0.31 0.17 0.17 0.21 0.26 0.23 0.07 0.19 0.34 0.15 0.29 0.47 0.59 0.59 0.60 0.61 0.60 0.57 0.54 0.58 0.73 0.84 0.93 1.06 1.22 1.64 1.76 1.84 2.05 2.64 3.84 3.36 2.36 1.62 1.40 1.10 1.33 1.72 1.66 1.55 1.31 1.43 1.27 0.98 0.80 1.13 1.52 1.69 1.50 1.29 0.91 1.14 1.63 2.26 1.94
0.10 0.09 0.09 0.10 0.16 0.19 0.21 0.23 0.24 0.26 0.26 0.27 0.30 0.22 0.23 0.22 0.23 0.48 0.45 0.16 0.21 0.28 0.39 0.52 0.62 0.65 0.61 0.55 0.53 0.23 0.20 0.20 0.13 0.22 0.23 0.10 0.09 0.16 0.23 0.40 0.52 0.64 0.64 0.66 0.70 0.71 0.70 0.67 0.67 0.76 0.86 0.96 1.44 1.21 1.61 1.77 1.91 2.05 2.44 3.77 3.43 2.56 1.59 1.37 1.05 1.49 1.73 2.05 1.56 1.29 1.16 1.23 1.12 1.09 1.32 1.77 1.65 1.00 0.92 1.11 1.23 1.69 2.39 2.09
0.09 0.07 0.07 0.08 0.12 0.17 0.20 0.23 0.24 0.26 0.27 0.29 0.30 0.31 0.22 0.24 0.24 0.49 0.25 0.16 0.41 0.23 0.33 0.45 0.55 0.59 0.57 0.51 0.43 0.21 0.24 0.29 0.28 0.30 0.26 0.17 0.12 0.13 0.24 0.39 0.57 0.73 0.72 0.76 0.84 0.90 0.93 0.90 0.84 0.87 0.93 1.39 1.47 1.54 1.61 1.76 1.97 2.17 2.50 3.55 4.26 4.14 3.10 2.32 2.32 1.60 1.74 2.06 1.30 0.93 1.01 1.54 1.19 1.34 1.32 1.76 1.70 1.32 0.96 1.00 1.25 1.74 2.47 1.97
0.08 0.06 0.06 0.07 0.10 0.14 0.20 0.23 0.24 0.26 0.27 0.29 0.31 0.31 0.19 0.21 0.21 0.16 0.40 0.43 0.15 0.20 0.30 0.54 0.57 0.61 0.61 0.54 0.35 0.25 0.24 0.14 0.27 0.37 0.31 0.30 0.32 0.32 0.42 0.56 0.73 0.85 0.90 0.98 1.06 1.13 1.13 1.11 1.09 1.14 0.96 1.38 1.48 1.57 1.63 1.74 1.96 2.19 2.65 3.51 4.33 4.50 3.51 2.22 2.08 2.12 1.99 1.58 1.38 1.83 0.87 1.16 1.20 1.52 1.46 2.11 1.38 1.20 1.12 1.08 1.28 1.76 2.48 1.86
0.06 0.04 0.06 0.07 0.10 0.14 0.20 0.22 0.23 0.25 0.27 0.29 0.31 0.32 0.56 0.16 0.10 0.33 0.11 0.09 0.13 0.20 0.61 0.36 0.58 0.58 0.60 0.52 0.32 0.26 0.21 0.24 0.28 0.40 0.41 0.46 0.53 0.64 0.76 0.80 0.85 0.90 0.99 1.11 1.18 1.20 1.22 1.25 1.26 1.28 1.35 1.41 1.50 1.60 1.68 1.76 1.92 2.15 2.65 3.34 4.43 5.00 3.72 2.80 2.74 2.92 2.48 1.53 1.26 1.03 0.90 1.55 1.25 1.39 1.53 1.72 1.54 1.42 1.43 1.38 1.46 1.87 2.21 1.50
0.05 0.03 0.05 0.08 0.11 0.17 0.20 0.23 0.24 0.25 0.27 0.29 0.31 0.33 0.35 0.36 0.38 0.05 0.07 0.04 0.11 0.18 0.64 0.61 0.58 0.55 0.52 0.41 0.36 0.23 0.27 0.25 0.31 0.47 0.44 0.46 0.55 0.72 0.88 0.93 0.97 0.96 0.99 1.07 1.12 1.13 1.18 1.23 1.30 1.36 1.43 1.47 1.52 1.61 1.70 1.77 1.89 2.12 2.45 2.80 3.71 4.59 4.64 4.05 3.76 3.73 2.65 1.77 1.58 1.15 0.87 0.79 1.47 1.82 1.53 1.69 1.58 1.53 1.69 1.95 2.27 2.08 1.69 1.46
0.04 0.02 0.05 0.08 0.12 0.18 0.21 0.24 0.25 0.26 0.28 0.29 0.31 0.33 0.36 0.37 0.39 0.40 0.44 0.50 0.09 0.47 0.49 0.52 0.48 0.44 0.34 0.31 0.23 0.30 0.33 0.25 0.42 0.50 0.46 0.40 0.41 0.55 0.72 0.85 0.98 0.99 0.98 1.01 1.04 1.04 1.12 1.21 1.30 1.36 1.48 1.51 1.54 1.60 1.69 1.80 1.93 2.11 2.33 2.46 3.01 3.83 4.30 4.27 4.19 4.59 3.91 3.01 2.17 1.29 0.92 0.84 1.67 1.20 1.46 1.61 1.78 1.91 1.83 2.43 2.09 1.87 1.64 1.35
0.02 0.01 0.04 0.08 0.16 0.19 0.22 0.25 0.26 0.27 0.29 0.30 0.31 0.33 0.36 0.38 0.41 0.41 0.61 0.06 0.40 0.42 0.32 0.30 0.34 0.32 0.32 0.29 0.21 0.25 0.27 0.33 0.51 0.55 0.50 0.44 0.42 0.50 0.61 0.78 0.92 0.95 0.94 0.96 1.00 1.08 1.12 1.19 1.29 1.48 1.51 1.54 1.56 1.60 1.71 1.83 1.93 2.08 2.25 2.46 2.76 3.16 3.46 3.58 3.78 4.48 5.37 4.45 3.06 2.65 1.29 1.31 1.23 1.35 1.57 2.06 0.97 1.84 1.61 2.13 2.42 1.95 1.56 1.29
0.01 0.02 0.05 0.09 0.17 0.20 0.23 0.26 0.27 0.28 0.30 0.31 0.32 0.33 0.36 0.39 0.41 0.43 0.43 0.69 0.45 0.39 0.30 0.21 0.22 0.24 0.23 0.28 0.24 0.17 0.15 0.39 0.53 0.52 0.49 0.45 0.47 0.52 0.66 0.82 0.91 0.92 0.93 0.97 1.05 1.32 1.34 1.38 1.44 1.49 1.53 1.55 1.57 1.63 1.73 1.78 1.91 2.06 2.24 2.46 2.71 2.94 3.13 3.22 3.39 3.77 4.52 5.72 5.29 3.47 2.61 1.59 1.36 1.55 1.93 1.84 1.35 1.37 1.51 1.97 2.48 1.88 1.51 1.70
0.01 0.03 0.06 0.10 0.40 0.21 0.24 0.26 0.28 0.29 0.31 0.32 0.32 0.34 0.36 0.39 0.41 0.43 0.45 0.45 0.48 0.36 0.36 0.23 0.20 0.23 0.13 0.19 0.20 0.16 0.15 0.24 0.32 0.43 0.47 0.44 0.44 0.51 0.65 0.77 0.84 0.89 0.93 0.96 1.29 1.35 1.40 1.42 1.46 1.49 1.50 1.52 1.56 1.63 1.73 1.77 1.86 1.34 1.65 2.39 2.64 2.85 3.05 3.21 3.30 3.39 3.91 5.47 5.82 5.33 4.12 3.08 2.01 2.16 2.71 1.68 1.49 1.68 1.88 2.28 2.06 1.72 2.50 1.88
0.02 0.05 0.07 0.13 0.45 0.22 0.25 0.27 0.28 0.30 0.33 0.33 0.60 0.34 0.37 0.41 0.42 0.43 0.45 0.48 0.50 0.52 0.59 0.22 0.25 0.23 0.19 0.13 0.11 0.22 0.24 0.24 0.23 0.38 0.51 0.49 0.47 0.50 0.59 0.69 0.78 0.84 1.16 0.92 1.29 1.37 1.44 1.48 1.50 1.51 1.50 1.52 1.56 1.62 1.72 1.72 1.07 1.24 2.08 2.28 2.51 2.74 2.94 3.15 3.30 3.38 3.72 4.64 6.14 5.91 5.65 4.97 4.00 3.67 3.83 2.64 2.37 2.67 2.98 2.57 2.87 2.76 2.62 2.00
0.04 0.06 0.09 0.15 0.49 0.24 0.27 0.29 0.30 0.31 0.34 0.35 0.35 0.30 0.39 0.43 0.44 0.43 0.38 0.43 0.54 0.55 0.80 0.31 0.32 0.33 0.29 0.23 0.18 0.20 0.20 0.30 0.29 0.39 0.55 0.60 0.52 0.50 0.58 0.68 0.75 0.80 0.82 0.82 1.27 1.36 1.46 1.52 1.54 1.55 1.55 1.56 1.59 1.64 1.42 1.58 0.87 1.06 2.01 2.18 2.40 2.62 2.84 3.04 3.27 3.45 3.68 4.23 5.24 5.64 5.84 5.64 5.34 4.90 4.76 4.44 3.88 3.26 3.73 3.91 4.03 2.81 2.66 2.33
0.07 0.08 0.13 0.47 0.51 0.25 0.29 0.31 0.31 0.32 0.34 0.36 0.52 0.33 0.43 0.71 0.71 0.46 0.36 0.40 0.54 0.58 0.60 0.61 0.65 0.38 0.37 0.31 0.19 0.11 0.32 0.38 0.33 0.35 0.47 0.53 0.56 0.54 0.58 0.62 0.68 0.73 0.71 1.20 0.49 1.37 1.46 1.54 1.59 1.60 1.61 1.64 1.67 1.74 1.23 0.45 0.59 0.81 1.92 2.09 2.31 2.56 2.41 3.05 3.27 3.52 3.81 4.49 4.96 5.00 5.09 5.11 5.07 5.10 5.15 4.96 4.64 4.17 4.21 4.87 4.93 4.28 4.33 3.67
0.09 0.10 0.15 0.50 0.53 0.27 0.32 0.33 0.33 0.33 0.35 0.37 0.37 0.40 0.46 0.51 0.55 0.68 0.41 0.45 0.56 0.60 0.62 0.62 0.62 0.65 0.46 0.35 0.22 0.19 0.29 0.37 0.31 0.34 0.46 0.50 0.54 0.53 0.51 0.50 0.52 0.53 0.32 0.30 0.36 0.82 1.46 1.56 1.64 1.68 1.68 1.72 1.84 2.37 1.11 0.33 0.41 0.58 0.87 1.97 2.18 1.72 2.75 3.07 3.36 3.68 4.12 4.91 4.94 4.84 4.80 4.73 4.69 4.71 4.77 4.72 4.50 4.22 4.11 4.44 4.95 4.79 4.86 4.62
0.11 0.12 0.18 0.53 0.56 0.29 0.33 0.35 0.36 0.36 0.36 0.37 0.37 0.37 0.41 0.49 0.56 0.58 0.57 0.57 0.59 0.61 0.63 0.63 0.62 0.58 0.57 0.51 0.22 0.23 0.09 0.06 0.13 0.13 0.32 0.44 0.46 0.50 0.48 0.43 0.35 0.25 0.13 0.13 0.28 1.30 1.43 1.55 1.68 1.75 1.74 1.79 2.37 2.53 0.46 0.23 0.35 0.55 0.80 1.85 1.25 1.57 2.54 2.87 3.28 3.76 4.50 5.12 5.01 4.81 4.69 4.57 4.50 4.49 4.53 4.55 4.45 4.27 4.06 3.40 3.54 3.91 4.21 4.39
0.13 0.17 0.20 0.23 0.27 0.30 0.33 0.36 0.38 0.38 0.37 0.37 0.36 0.34 0.29 0.33 0.49 0.57 0.59 0.60 0.61 0.63 0.64 0.63 0.62 0.56 0.47 0.30 0.42 0.36 0.36 0.34 0.38 0.32 0.29 0.38 0.44 0.51 0.47 0.36 0.41 0.40 0.37 0.11 0.27 1.12 1.27 1.42 1.61 1.78 1.79 1.88 2.62 2.56 2.25 0.76 0.38 0.51 0.62 1.01 1.16 2.27 2.42 2.62 3.02 3.64 4.84 5.18 5.05 4.87 4.73 4.56 4.42 4.36 4.39 4.45 4.44 4.32 4.01 3.10 3.07 3.42 3.81 4.20
0.16 0.20 0.22 0.25 0.28 0.30 0.34 0.37 0.39 0.40 0.39 0.39 0.38 0.36 0.30 0.28 0.39 0.53 0.58 0.62 0.64 0.66 0.67 0.66 0.63 0.58 0.41 0.25 0.35 0.65 0.45 0.45 0.58 0.49 0.43 0.31 0.39 0.43 0.36 0.20 0.53 0.37 0.52 0.18 0.07 0.89 1.01 1.15 1.40 1.73 1.90 2.13 2.71 2.52 2.29 1.72 0.20 0.29 0.38 0.71 0.95 1.27 2.34 2.49 2.79 3.46 4.54 5.17 5.02 4.83 4.75 4.63 4.47 4.36 4.36 4.41 4.42 4.32 3.96 2.91 2.63 2.95 3.48 4.13
0.19 0.22 0.24 0.26 0.30 0.33 0.36 0.38 0.40 0.42 0.42 0.43 0.43 0.43 0.41 0.40 0.45 0.51 0.57 0.62 0.65 0.69 0.71 0.69 0.67 0.62 0.37 0.48 0.43 0.40 0.29 0.27 0.28 0.26 0.40 0.39 0.33 0.30 0.18 0.40 0.38 0.64 0.62 0.23 0.05 0.69 0.19 0.98 1.19 1.55 1.91 2.85 2.75 2.16 1.63 1.11 0.10 0.20 0.21 0.40 0.64 1.54 2.07 2.36 2.61 3.23 4.24 5.05 4.90 4.68 4.65 4.61 4.50 4.18 4.34 4.21 4.21 4.09 3.74 3.10 2.28 2.34 2.93 3.83
0.22 0.24 0.26 0.29 0.32 0.34 0.36 0.39 0.41 0.43 0.45 0.45 0.46 0.47 0.47 0.46 0.47 0.52 0.57 0.62 0.66 0.71 0.74 0.73 0.71 0.67 0.40 0.40 0.37 0.35 0.31 0.35 0.47 0.39 0.38 0.51 0.43 0.25 0.14 0.44 0.50 0.57 0.33 0.27 0.18 0.09 0.68 0.84 1.00 1.28 1.74 2.90 2.62 1.87 1.02 0.42 0.41 0.40 0.27 0.52 0.49 1.16 1.67 2.17 2.49 3.05 4.05 4.89 4.71 4.52 4.48 4.36 4.33 4.21 4.17 4.26 4.32 4.19 3.87 3.28 2.30 1.98 2.44 3.47
0.24 0.26 0.28 0.30 0.31 0.33 0.37 0.39 0.41 0.42 0.44 0.46 0.47 0.48 0.48 0.49 0.50 0.53 0.57 0.62 0.67 0.73 0.76 0.75 0.74 0.61 0.47 0.49 0.49 0.44 0.46 0.47 0.48 0.39 0.56 0.36 0.38 0.22 0.32 0.26 0.26 0.26 0.36 0.24 0.23 0.22 0.54 0.76 0.89 1.13 1.61 2.69 2.59 1.89 1.01 0.63 0.63 0.38 0.45 0.52 0.51 1.01 1.66 1.95 2.38 3.02 4.14 4.68 4.35 3.88 4.22 3.99 3.99 3.84 3.75 3.89 4.10 4.07 3.80 3.35 2.65 2.02 2.29 3.28
0.27 0.28 0.28 0.28 0.31 0.35 0.38 0.39 0.40 0.40 0.42 0.44 0.45 0.47 0.48 0.50 0.51 0.53 0.56 0.59 0.64 0.71 0.76 0.76 0.76 0.72 0.50 0.55 0.58 0.56 0.76 0.70 0.47 0.36 0.45 0.34 0.20 0.27 0.34 0.32 0.31 0.35 0.21 0.14 0.18 0.18 0.52 0.76 0.87 1.09 1.59 2.30 2.26 1.91 1.51 0.71 0.65 0.35 0.44 0.51 0.52 1.03 1.62 1.80 2.26 3.10 4.26 4.39 3.82 3.57 3.68 3.94 3.99 3.83 3.69 3.70 4.08 4.18 3.97 3.66 3.15 2.61 2.51 3.28
0.28 0.28 0.26 0.28 0.31 0.34 0.36 0.36 0.37 0.38 0.38 0.40 0.42 0.44 0.46 0.47 0.48 0.49 0.51 0.53 0.52 0.67 0.74 0.76 0.77 0.50 0.51 0.57 0.62 0.67 0.90 0.83 0.44 0.40 0.36 0.29 0.13 0.18 0.23 0.25 0.32 0.26 0.11 0.48 0.53 0.77 0.79 0.86 0.95 1.11 1.54 2.08 2.10 1.86 1.54 0.69 0.76 0.52 0.59 0.46 0.65 1.54 1.20 1.75 2.22 3.26 4.27 3.84 3.32 3.07 3.39 3.84 4.00 3.84 3.55 3.62 3.94 4.16 4.00 3.76 3.76 3.43 3.15 3.42
0.28 0.26 0.24 0.26 0.28 0.28 0.24 0.27 0.33 0.35 0.35 0.32 0.34 0.40 0.42 0.43 0.36 0.35 0.36 0.41 0.50 0.66 0.72 0.77 0.54 0.51 0.50 0.56 0.61 0.73 0.95 0.89 0.52 0.53 0.57 0.34 0.14 0.10 0.19 0.25 0.22 0.15 0.49 0.80 0.88 0.97 1.00 0.99 1.07 1.28 1.53 1.91 1.99 1.76 1.45 0.90 0.90 0.75 0.70 0.43 1.19 1.49 1.61 1.72 2.25 3.47 4.19 3.60 2.87 2.60 2.68 3.27 3.83 3.90 3.62 3.66 4.00 4.06 3.86 3.78 4.15 4.00 3.61 3.62
0.25 0.23 0.22 0.21 0.21 0.17 0.19 0.23 0.26 0.31 0.33 0.31 0.36 0.39 0.36 0.35 0.34 0.32 0.33 0.39 0.60 0.67 0.72 0.54 0.57 0.57 0.57 0.58 0.59 0.72 0.96 0.94 0.62 0.60 0.36 0.12 0.09 0.03 0.14 0.19 0.30 0.48 0.77 0.82 0.96 1.15 1.25 1.43 1.64 1.65 1.73 1.92 1.99 1.77 0.92 1.05 1.09 0.93 0.71 0.76 1.07 1.44 1.55 1.62 2.25 3.66 4.26 3.52 2.68 1.89 2.18 2.88 3.63 3.94 3.76 3.77 4.02 3.97 3.67 3.74 4.32 4.38 3.95 3.69
0.17 0.15 0.13 0.13 0.14 0.16 0.19 0.22 0.24 0.26 0.33 0.36 0.39 0.40 0.36 0.35 0.34 0.34 0.36 0.43 0.64 0.71 0.76 1.13 0.60 0.65 0.68 0.66 0.65 0.78 0.98 1.01 0.96 0.92 0.04 0.06 0.05 0.39 0.44 0.42 0.67 0.73 0.78 0.82 0.96 1.21 1.55 1.94 1.94 1.93 1.94 2.05 2.09 1.89 1.05 1.08 1.02 0.95 0.51 0.72 0.20 1.41 1.55 1.51 2.27 3.72 4.22 3.49 2.65 1.78 1.94 2.63 3.35 3.74 3.82 3.86 4.01 3.90 3.64 3.75 4.35 4.57 4.19 3.72
0.22 0.20 0.16 0.17 0.18 0.19 0.22 0.25 0.25 0.26 0.32 0.36 0.35 0.36 0.37 0.38 0.39 0.41 0.45 0.61 0.69 0.77 0.60 0.63 0.65 0.72 0.77 0.77 0.90 1.00 1.03 1.10 1.10 1.05 1.00 0.08 0.14 0.49 0.79 0.74 0.70 0.73 0.78 0.81 0.91 1.18 1.81 1.96 2.03 2.06 2.06 2.13 2.19 2.05 1.72 0.90 1.01 0.58 0.64 0.82 1.09 1.35 1.34 1.46 2.28 3.58 4.06 3.43 2.73 2.04 1.93 2.41 3.01 3.51 3.79 3.89 3.88 3.75 3.67 3.81 4.25 4.65 4.32 3.29
