smrf/tests/basins/Lakes/input/data20191001/wind_ninja_data/topo_windninja_topo_10-01-2019_1500_50m_ang.asc
ncols	157
nrows	169
xllcorner	319975.000000
yllcorner	4158275.000000
cellsize	50.000000
NODATA_value	-9999.000000
[rows 92 to 137 of 169, columns 0 to 95 of 157]
310 313 316 315 313 309 306 302 320 11 35 46 36 27 37 44 16 323 291 289 287 286 285 283 282 316 328 346 2 310 312 308 305 303 312 316 319 318 313 310 312 305 289 124 83 63 66 28 332 331 326 325 331 360 5 146 131 109 83 294 283 280 279 266 246 238 230 24 56 85 62 41 31 23 17 15 17 17 16 14 11 14 12 14 186 132 1 105 7 3 351 347 258 137 133 153
313 315 315 312 309 307 334 8 28 61 55 36 26 26 39 34 359 321 292 289 287 285 284 283 280 311 314 335 1 306 309 306 301 296 304 311 315 314 312 311 311 303 291 129 72 51 56 13 325 326 323 322 351 360 0 127 125 115 97 83 277 278 276 261 247 241 237 26 79 68 66 5 5 1 360 3 9 10 9 7 6 8 6 208 178 127 355 357 1 2 355 351 351 224 132 149
317 320 317 18 19 19 35 39 44 40 23 24 24 28 38 30 358 326 292 289 287 285 283 282 279 275 308 321 346 6 307 305 308 299 295 301 306 313 312 312 308 301 288 40 19 25 37 352 13 320 320 317 349 357 359 115 115 115 114 123 270 271 269 259 252 245 241 8 175 62 246 299 324 9 338 346 359 1 359 359 360 2 0 204 169 131 348 348 351 356 355 354 351 351 169 145
324 347 33 43 41 43 49 38 28 23 17 19 23 27 33 25 359 332 291 288 286 284 283 282 280 277 274 317 341 353 359 337 309 303 296 300 303 310 311 311 304 298 291 342 344 4 24 35 309 313 313 311 342 351 353 122 108 115 136 149 260 210 257 255 251 243 239 340 54 233 25 264 291 305 314 326 350 351 349 351 353 355 355 210 168 146 341 341 341 345 56 352 350 348 301 131
20 30 39 45 40 33 34 26 17 16 18 22 22 23 27 22 2 338 291 288 286 284 282 281 281 280 277 317 337 336 350 337 303 300 295 296 296 299 303 312 302 291 348 289 281 354 18 28 339 306 310 308 337 345 345 131 103 112 131 157 253 250 249 246 240 235 234 335 60 57 221 347 261 278 291 305 339 342 340 342 344 347 346 348 179 142 106 336 335 334 336 343 346 347 343 34
36 34 28 28 28 22 22 20 13 12 21 27 25 21 25 21 5 343 291 289 287 284 281 280 281 281 278 315 340 355 332 292 295 293 291 290 290 293 299 306 300 344 356 291 288 351 18 28 324 304 312 311 338 342 337 147 118 111 124 259 254 250 246 242 235 230 230 13 94 210 210 231 247 259 273 288 327 333 331 332 335 338 336 339 228 125 73 331 329 326 325 331 339 344 342 332
29 27 19 18 20 19 17 17 17 22 30 39 36 29 30 23 8 345 291 289 287 283 280 280 280 280 278 272 317 333 331 316 319 316 323 317 287 289 293 294 290 354 343 285 286 356 24 25 309 304 313 309 337 335 200 161 135 120 152 267 258 252 250 249 242 234 236 133 223 212 213 227 242 250 263 276 290 323 323 324 328 330 327 333 335 120 63 323 323 319 316 319 327 336 337 160
356 16 14 17 21 25 26 28 32 38 51 48 58 59 58 47 34 343 291 289 286 283 280 279 279 278 275 271 250 317 319 317 289 298 306 308 313 286 285 285 285 344 290 289 288 11 31 23 36 323 308 340 333 325 187 177 174 176 196 218 260 252 252 253 242 243 244 130 123 117 219 237 240 245 255 265 278 288 295 318 322 323 321 327 331 138 64 52 316 313 309 310 315 324 328 333
356 356 16 25 31 42 49 57 57 55 50 47 47 63 55 33 10 295 291 288 286 283 281 279 278 277 274 270 265 302 306 303 302 310 315 300 308 314 279 280 281 282 283 293 306 31 30 29 289 294 296 329 323 242 184 286 282 288 290 277 264 253 249 248 237 245 241 235 232 230 220 235 247 330 250 258 267 277 285 310 316 318 317 320 323 180 64 45 309 306 303 304 307 301 184 330
359 17 30 39 48 59 61 80 87 78 45 42 44 54 50 32 298 295 291 288 287 286 283 280 277 276 273 269 265 270 268 282 297 310 315 321 320 292 289 285 279 282 283 287 352 8 35 25 282 287 285 314 310 239 179 269 270 282 289 281 268 257 248 246 236 233 231 233 232 231 234 234 307 249 246 262 281 268 277 284 309 313 313 314 316 316 62 39 304 301 298 330 316 304 174 313
22 33 45 52 56 62 69 76 92 97 91 78 44 40 40 305 299 295 291 289 289 287 282 278 275 274 273 269 266 264 263 262 288 301 310 313 310 295 271 260 265 275 281 352 17 26 46 26 274 279 278 303 298 234 171 262 270 280 286 281 270 259 252 248 237 234 231 234 234 234 236 246 239 248 251 257 266 262 270 277 285 308 310 310 314 314 75 39 298 297 293 292 303 300 293 217
40 45 50 53 58 64 68 74 83 84 76 71 64 66 35 308 301 296 293 289 285 281 276 274 273 273 272 270 267 265 263 263 262 295 302 304 297 252 247 246 252 285 352 28 58 58 53 268 270 275 273 296 290 215 164 266 272 277 277 286 281 267 258 253 242 235 234 235 231 236 243 246 239 248 249 253 257 267 264 272 278 302 306 306 312 314 131 58 28 293 289 286 288 291 294 224
53 51 51 53 58 66 66 69 70 66 49 43 26 25 24 309 303 296 290 282 274 270 270 271 272 271 270 269 267 265 263 262 260 281 293 291 287 245 241 242 249 322 15 75 77 39 350 322 268 271 270 292 258 206 205 267 269 273 278 270 281 284 266 251 245 241 235 234 301 300 311 285 280 246 247 249 252 258 260 268 272 292 299 302 307 313 174 107 36 9 287 284 284 286 289 276
55 53 51 54 56 63 62 62 58 49 38 18 27 18 14 306 299 292 283 272 264 263 267 270 271 270 268 267 266 265 262 260 258 256 259 284 279 243 240 241 251 301 252 96 66 10 345 325 323 266 266 284 284 197 229 262 263 263 268 267 267 274 268 246 318 308 312 294 311 294 236 289 287 243 245 248 250 254 262 262 267 282 289 297 304 307 194 146 99 18 344 283 280 281 284 274
61 59 54 55 60 63 59 51 39 24 11 13 25 17 9 303 294 286 276 268 263 263 265 267 269 267 265 264 263 263 261 258 255 252 253 249 250 241 239 240 250 269 248 83 35 351 342 320 302 262 263 277 277 249 261 258 257 257 256 260 256 246 258 251 244 304 234 234 234 231 221 237 294 244 246 248 249 252 255 256 261 265 280 289 299 303 226 212 151 281 346 321 278 277 279 273
71 64 59 59 63 63 56 41 16 6 357 6 21 19 310 301 292 283 347 355 270 266 265 266 266 265 263 262 262 261 254 239 239 248 247 245 242 238 235 236 245 271 273 22 357 338 341 314 287 259 262 273 269 266 257 256 255 255 275 255 249 238 249 252 243 314 281 156 231 228 234 277 281 244 246 248 250 249 251 252 257 262 266 282 290 297 228 171 235 207 350 330 304 275 276 279
357 347 66 71 74 72 53 22 11 306 305 5 20 11 4 299 347 360 20 357 276 270 267 266 264 262 261 261 238 250 246 244 243 239 241 239 235 232 231 232 239 258 269 300 317 317 331 316 288 279 262 265 272 262 254 254 255 256 276 253 245 237 248 251 314 137 235 236 235 233 235 273 242 288 246 248 247 251 249 253 253 258 262 274 278 285 231 182 183 211 199 341 315 297 276 276
352 345 339 331 321 314 40 13 304 303 303 14 17 14 3 358 11 18 23 17 345 274 269 266 263 261 260 238 228 243 239 245 239 238 238 236 235 229 227 229 234 237 262 265 272 289 321 273 227 246 265 270 260 265 256 256 258 257 276 251 11 238 250 245 126 239 236 237 227 234 236 238 239 280 285 247 249 248 252 250 251 254 256 264 268 275 237 193 185 245 246 196 284 305 280 275
347 340 341 333 319 315 8 305 304 300 9 20 29 22 19 26 45 42 22 19 356 277 272 267 262 255 234 230 241 235 233 235 236 234 233 235 232 228 224 227 231 233 233 247 249 258 258 279 240 238 256 267 263 255 261 258 259 272 271 320 242 238 240 329 123 139 161 276 280 232 275 234 270 270 244 246 288 249 252 249 251 250 251 253 260 265 241 233 181 196 213 221 210 146 299 277
345 337 340 332 316 20 307 303 302 301 21 31 34 32 39 54 55 25 11 15 1 278 275 270 264 235 242 240 235 246 241 237 235 234 234 233 229 225 224 227 229 231 230 229 227 233 244 254 221 230 250 261 257 255 266 259 257 293 270 310 262 237 309 4 99 94 280 275 271 276 232 234 235 237 270 275 248 252 252 251 249 248 248 249 253 257 265 237 195 265 206 229 236 220 163 286
347 336 335 329 25 311 304 297 293 17 38 43 48 52 58 56 36 11 14 17 275 277 276 272 267 233 239 234 247 243 238 234 232 233 233 231 227 224 226 227 228 229 228 225 222 226 234 240 232 228 246 276 253 247 249 254 258 297 297 268 306 311 118 157 106 318 268 271 254 188 231 267 234 236 267 242 246 250 251 250 249 247 246 245 245 250 261 268 234 263 204 232 286 241 215 263
349 335 327 324 315 309 303 294 12 41 53 57 59 62 58 41 19 12 17 21 273 275 275 273 267 242 235 250 245 241 235 233 231 234 233 230 225 226 227 227 227 227 225 223 220 221 227 230 231 230 244 267 244 298 298 272 280 294 296 267 317 26 121 304 297 258 223 212 230 229 249 262 233 264 268 242 245 248 250 249 248 247 244 241 238 243 255 265 245 182 267 261 281 286 230 159
346 334 323 14 312 309 305 305 36 51 58 62 63 60 51 32 17 27 49 271 273 276 276 273 266 261 254 249 244 238 232 228 230 232 232 227 226 228 227 226 226 225 223 220 219 219 222 224 224 225 249 253 280 288 286 281 285 290 286 312 324 340 330 306 171 231 231 176 228 227 242 237 249 262 264 242 245 247 248 248 248 247 245 239 236 241 249 258 267 199 269 263 275 279 251 162
333 330 324 316 311 306 299 26 47 52 58 62 63 57 44 35 52 273 269 272 274 277 277 275 266 259 252 246 241 230 225 225 227 227 225 224 223 227 223 222 225 223 220 218 218 220 221 222 222 227 232 241 248 259 281 288 287 285 287 305 311 324 33 200 236 197 188 230 227 229 231 231 231 260 261 261 246 248 248 247 248 248 247 243 242 181 247 251 256 251 259 270 270 271 247 230
18 18 321 314 313 309 17 47 54 59 65 69 69 66 61 74 270 136 268 272 273 274 275 255 265 256 249 244 236 228 224 226 226 224 222 222 222 222 220 226 223 220 219 217 218 221 222 224 225 223 222 224 235 245 265 280 279 276 276 286 317 20 133 243 240 241 237 231 230 233 234 234 233 234 260 243 246 248 247 247 248 252 250 249 250 250 196 252 254 260 266 262 266 265 245 173
7 320 322 307 309 318 42 58 64 70 72 73 71 68 73 92 120 263 269 270 270 270 270 264 259 253 247 240 232 225 223 225 226 224 237 211 221 201 226 223 224 217 219 217 219 222 223 224 225 223 221 222 225 241 248 260 263 268 273 303 304 134 223 111 114 243 240 234 233 236 235 234 233 236 241 245 246 248 248 248 249 255 256 258 259 247 258 208 257 259 263 264 256 251 247 184
11 2 325 310 297 16 45 57 64 65 61 58 57 57 65 85 263 267 268 267 267 266 260 256 252 248 243 236 228 226 221 221 223 223 259 197 228 228 225 221 216 220 218 217 219 222 223 223 223 222 221 222 225 228 240 240 249 270 296 270 187 135 94 50 49 196 241 238 238 239 238 235 235 238 243 246 247 248 248 248 250 252 260 266 268 268 265 264 262 260 261 260 256 247 249 205
24 24 311 323 315 29 55 60 57 49 45 48 52 54 67 84 268 269 268 265 263 259 254 251 247 242 237 230 225 221 223 327 320 20 46 214 189 230 225 220 214 223 220 212 219 220 222 223 223 223 222 223 225 226 227 230 247 264 256 211 192 134 354 324 240 258 240 241 244 245 243 240 240 243 246 248 268 249 248 248 248 254 262 269 273 274 271 267 260 258 259 257 254 246 250 260
328 23 300 338 332 48 64 62 49 41 43 51 53 55 310 71 270 269 267 264 258 252 251 249 244 239 231 225 222 233 226 342 30 45 124 101 258 232 261 253 273 249 204 210 214 220 221 222 223 223 223 224 224 224 225 228 247 241 231 232 272 293 316 244 179 236 238 243 246 248 247 248 253 254 255 253 271 270 247 243 244 250 258 261 264 274 273 272 267 261 257 255 254 249 211 259
336 316 307 312 57 77 77 65 47 43 47 49 49 50 319 289 269 275 265 260 254 252 252 248 242 237 229 222 219 234 320 5 43 62 82 62 317 302 281 275 250 182 187 209 216 214 212 210 221 208 209 223 225 225 226 229 237 243 240 255 273 273 269 217 228 239 236 243 246 246 242 246 205 254 258 260 273 270 248 211 238 246 254 260 263 264 269 272 264 256 253 253 253 254 205 250
328 315 309 324 312 308 313 302 52 49 47 44 41 40 42 300 15 265 261 254 251 253 254 247 241 235 228 221 217 232 317 21 56 70 77 55 328 281 297 292 305 159 196 220 226 214 208 206 207 207 210 213 226 226 226 227 233 245 247 249 252 261 243 207 218 239 246 253 244 242 237 229 229 237 246 253 272 251 246 206 233 245 263 258 262 264 266 276 266 256 206 251 250 251 250 244
324 315 323 311 303 296 302 307 300 46 41 36 33 36 33 321 267 263 257 251 250 254 254 246 240 234 227 221 215 231 306 36 67 87 97 86 340 288 294 290 321 172 217 253 252 223 214 211 208 209 210 213 218 226 226 225 227 232 240 242 250 259 248 194 216 243 252 250 253 240 236 224 219 229 238 256 273 248 242 201 234 246 261 269 260 264 267 282 277 158 184 198 245 245 244 241
328 333 319 302 292 284 284 292 291 288 34 29 30 32 27 267 264 260 253 270 250 254 252 247 239 233 227 219 214 231 317 57 80 95 100 107 319 304 296 302 352 94 175 254 245 201 209 204 204 208 208 211 217 225 225 225 226 229 239 234 239 241 220 187 204 236 247 253 248 247 237 228 222 228 239 261 248 246 239 196 237 250 266 268 260 264 267 268 286 129 269 256 248 231 217 200
335 345 318 301 282 275 271 273 277 282 278 26 26 28 270 266 262 257 252 280 251 253 251 245 239 233 227 219 231 294 342 72 77 89 95 111 300 300 288 307 122 128 154 174 172 169 163 176 194 205 208 213 217 225 226 227 227 230 232 231 226 213 204 189 194 230 241 247 256 246 234 229 225 228 243 269 249 244 234 203 239 251 267 269 262 263 265 265 284 289 287 275 261 253 246 241
354 344 319 300 277 268 263 265 267 271 275 273 23 273 270 267 262 256 1 249 251 268 250 245 240 234 227 237 236 313 7 28 61 84 92 82 288 275 247 159 148 147 163 179 181 179 173 169 185 204 210 214 218 220 227 228 229 232 235 236 223 217 207 199 193 229 239 248 250 254 236 230 221 226 244 257 249 241 216 227 239 250 266 271 264 262 262 262 262 281 288 289 63 265 281 245
6 339 318 298 275 266 260 260 262 263 266 268 266 273 269 265 339 4 8 302 286 279 269 261 256 251 245 240 294 327 2 10 57 85 100 116 253 244 174 166 155 151 166 182 186 186 180 179 189 202 206 210 229 217 226 227 229 232 236 237 228 225 210 204 208 224 232 241 255 250 247 235 216 222 256 249 247 238 227 212 239 250 266 270 274 262 260 261 261 262 266 270 212 163 218 261
7 335 312 297 279 265 258 258 258 258 256 256 256 254 262 343 343 9 254 317 15 289 278 269 260 254 248 245 309 338 359 17 58 94 114 135 164 166 156 165 159 160 172 185 191 191 194 195 196 201 203 228 226 225 225 225 227 229 231 234 236 235 227 222 218 229 237 249 256 255 251 225 212 222 258 247 242 226 232 235 241 251 259 278 271 260 259 260 261 262 262 262 276 213 211 178
7 331 303 289 278 266 256 256 255 253 250 249 248 246 331 333 341 338 27 30 336 302 293 330 310 301 293 299 326 2 11 21 71 100 131 151 160 154 146 154 161 171 183 192 197 197 210 213 218 223 198 225 224 224 222 222 224 225 226 231 237 239 234 223 222 230 242 262 247 237 249 234 213 225 250 241 238 234 237 241 245 253 265 276 275 262 257 260 264 264 259 257 263 269 274 279
8 325 290 274 268 257 249 251 249 247 246 244 243 242 225 326 327 41 32 5 343 315 356 288 326 319 313 321 349 16 12 16 62 103 135 156 168 168 168 170 168 174 186 192 194 204 206 212 216 220 223 223 222 221 220 219 221 223 225 229 234 234 230 222 218 228 247 250 249 252 243 226 219 244 248 239 234 232 234 239 244 253 273 265 249 251 261 262 266 266 274 263 221 222 222 229
9 315 274 260 256 243 239 242 241 240 240 239 238 236 235 235 235 81 92 6 338 320 357 344 344 342 334 340 17 18 3 9 69 103 131 153 166 166 172 175 172 174 184 190 190 188 205 210 216 218 220 220 219 218 217 218 221 224 225 227 229 227 221 214 213 225 240 244 252 253 241 250 225 214 237 237 233 226 226 233 242 268 265 249 245 249 264 267 270 269 288 282 266 256 255 260
12 298 257 249 246 235 231 235 235 235 236 235 233 231 231 233 235 233 231 44 303 18 2 355 3 7 353 1 19 17 359 24 77 101 116 134 154 159 164 168 171 176 182 188 188 187 205 212 216 218 220 218 217 216 216 217 221 223 223 223 225 223 217 211 212 221 232 239 245 244 236 252 211 227 232 236 233 226 226 236 259 266 258 245 240 253 263 277 275 271 292 303 293 265 253 253
17 257 240 238 232 227 225 229 229 230 231 230 228 228 229 231 232 230 229 334 29 32 25 21 31 32 12 4 19 21 15 62 91 102 112 122 134 146 157 166 171 176 180 186 188 203 207 212 216 220 219 217 216 215 216 217 219 219 219 219 220 220 217 213 215 219 224 233 234 235 235 229 219 219 232 238 240 229 232 244 268 269 259 251 226 235 250 276 275 270 270 301 318 84 146 253
33 218 222 224 222 221 219 224 225 225 226 225 224 225 228 229 229 228 227 227 56 66 65 54 44 39 10 21 52 50 70 98 100 98 104 116 126 141 155 169 174 179 182 195 202 219 219 220 220 219 218 217 215 215 215 217 217 216 216 216 217 217 217 216 218 219 224 230 233 234 235 229 213 219 238 243 233 230 238 251 272 269 260 243 233 235 253 270 264 260 264 269 308 322 293 263
124 199 206 214 179 217 216 221 221 221 222 222 221 223 226 228 228 226 226 228 233 129 100 71 31 20 11 70 86 34 50 87 79 72 86 102 117 134 152 166 174 183 192 194 217 218 218 219 219 219 219 218 216 215 216 216 216 209 205 212 214 215 216 217 219 221 227 232 229 226 225 220 208 219 235 235 223 225 235 249 269 261 242 234 231 244 271 266 256 256 260 263 269 319 322 289
161 188 197 203 180 213 213 217 216 216 219 220 215 221 225 226 226 225 226 229 233 233 230 41 2 353 8 38 13 335 18 65 66 62 80 93 106 128 150 163 174 183 216 192 215 216 217 218 219 220 220 219 217 216 216 215 207 201 208 209 211 213 215 217 220 224 229 231 225 224 220 214 207 213 223 215 204 207 220 242 243 243 238 229 231 250 271 262 254 259 262 264 265 292 314 311
161 181 190 197 183 208 209 212 211 213 217 217 216 220 222 224 225 225 228 231 231 229 227 340 336 334 343 356 350 341 36 86 97 94 100 102 110 132 157 163 175 180 187 189 213 214 216 218 220 221 220 219 219 220 216 212 200 197 205 206 209 212 215 219 223 226 230 232 227 222 216 209 206 207 217 212 205 202 217 223 227 236 228 224 231 257 263 257 256 259 256 261 268 286 296 305
