smrf/tests/basins/Lakes/input/data20191001/wind_ninja_data/topo_windninja_topo_10-01-2019_1500_50m_vel.asc
ncols	157
nrows	169
xllcorner	319975.000000
yllcorner	4158275.000000
cellsize	50.000000
NODATA_value	-9999.000000
[rows 38 to 75 of 169, columns 0 to 83 of 157]
2.37 2.11 1.81 1.67 1.74 1.96 2.04 2.01 2.21 2.26 2.24 2.16 2.07 2.00 1.97 1.93 1.83 1.71 1.64 1.70 1.59 1.44 1.37 1.64 1.62 1.65 1.67 1.67 1.67 1.64 1.61 1.59 1.57 1.57 1.58 1.56 1.55 1.55 1.56 1.57 1.57 1.57 1.60 1.62 1.61 1.58 1.45 1.12 0.75 0.16 0.25 0.34 0.28 0.16 0.13 0.87 0.86 0.64 0.70 0.65 0.87 1.12 0.90 0.63 0.62 0.87 0.91 0.70 0.12 1.12 0.99 0.91 0.25 0.14 0.49 1.20 1.36 1.89 2.87 3.61 2.96 2.34 2.07 1.82
2.30 1.99 1.76 1.68 1.80 2.08 2.19 2.25 2.31 2.30 2.23 2.14 2.08 2.05 2.03 1.96 1.87 1.83 1.84 1.92 1.91 1.72 1.50 1.40 1.65 1.67 1.67 1.67 1.66 1.62 1.61 1.60 1.60 1.59 1.55 1.54 1.55 1.56 1.56 1.57 1.56 1.57 1.59 1.59 1.56 1.49 1.34 1.06 0.79 0.22 0.33 0.41 0.34 0.26 0.25 0.72 0.68 0.60 0.52 0.44 0.79 0.92 0.75 0.59 0.71 1.12 1.19 1.17 1.06 0.67 1.10 1.01 0.49 0.18 1.16 1.30 1.54 2.30 3.24 3.23 2.51 1.96 1.81 1.77
2.34 2.03 1.87 1.77 1.88 2.17 2.30 2.37 2.35 2.27 2.18 2.12 2.09 2.08 2.05 1.99 1.95 1.94 1.97 2.18 2.12 1.92 1.64 1.47 1.66 1.68 1.69 1.68 1.65 1.62 1.63 1.63 1.61 1.57 1.54 1.55 1.56 1.56 1.57 1.56 1.56 1.57 1.56 1.55 1.51 1.42 1.31 1.15 1.02 0.53 0.61 0.62 0.50 0.44 0.43 0.44 0.60 0.76 0.82 0.77 0.61 0.79 0.57 0.62 0.81 1.20 1.24 1.23 1.25 1.21 1.07 0.63 1.23 0.87 0.57 1.50 1.87 2.62 3.59 2.74 2.43 1.72 1.47 2.05
2.38 2.09 1.92 1.82 1.97 2.26 2.36 2.35 2.28 2.20 2.15 2.12 2.11 2.08 2.03 2.00 2.00 1.99 2.03 1.80 1.92 1.83 1.64 1.50 1.67 1.69 1.68 1.67 1.65 1.65 1.66 1.63 1.60 1.57 1.57 1.57 1.57 1.57 1.58 1.58 1.57 1.55 1.53 1.52 1.49 1.43 1.36 1.31 1.31 1.39 1.47 0.94 0.79 0.70 0.64 0.63 0.83 1.01 0.99 0.86 0.37 0.72 0.65 0.71 0.85 1.19 1.31 1.26 1.31 1.36 1.43 1.53 1.51 1.43 1.47 1.98 2.30 2.64 3.19 2.65 2.09 1.06 1.54 2.91
2.32 1.98 1.86 1.94 2.17 2.38 2.36 2.28 2.21 2.16 2.12 2.10 2.07 2.03 2.01 2.01 2.02 2.03 2.09 1.42 1.59 1.62 1.54 1.51 1.53 1.69 1.67 1.67 1.68 1.68 1.68 1.65 1.63 1.62 1.59 1.57 1.58 1.60 1.60 1.57 1.54 1.53 1.52 1.52 1.49 1.45 1.41 1.41 1.47 1.58 1.62 1.57 1.07 1.01 0.92 0.93 1.12 1.22 1.08 0.93 0.92 0.66 0.72 0.57 0.69 1.07 1.34 1.28 1.34 1.45 1.58 1.75 1.92 2.07 2.15 2.24 2.37 2.45 2.97 2.52 1.85 1.23 1.94 3.29
2.22 1.98 2.09 2.41 2.55 2.49 2.38 2.28 2.21 2.16 2.12 2.10 2.07 2.05 2.04 2.03 2.02 2.01 2.02 1.94 1.39 1.42 1.47 1.50 1.67 1.68 1.69 1.70 1.69 1.68 1.68 1.67 1.68 1.65 1.59 1.58 1.60 1.61 1.59 1.55 1.52 1.52 1.53 1.52 1.49 1.46 1.45 1.47 1.52 1.57 1.55 1.54 1.15 1.16 1.14 1.18 1.28 1.22 1.03 0.95 1.02 0.54 0.31 1.31 1.26 0.58 1.09 1.22 1.37 1.58 1.61 1.65 1.69 1.74 1.91 2.08 2.14 2.15 2.90 2.46 1.33 1.57 2.41 3.44
2.45 2.21 2.59 2.79 2.68 2.51 2.39 2.30 2.22 2.16 2.12 2.12 2.10 2.06 2.03 2.02 2.02 1.98 1.88 1.72 1.24 1.33 1.43 1.48 1.64 1.67 1.67 1.67 1.65 1.65 1.66 1.68 1.67 1.61 1.58 1.60 1.61 1.74 1.57 1.54 1.53 1.54 1.53 1.50 1.47 1.46 1.47 1.49 1.52 1.53 1.50 1.51 1.52 1.11 1.13 1.18 1.21 1.08 0.95 0.96 1.06 0.47 1.34 1.35 1.30 1.22 0.71 1.09 1.35 1.56 1.55 1.50 1.42 1.42 1.55 1.77 1.91 1.97 2.00 1.92 1.72 2.01 3.26 3.43
2.46 2.50 2.65 2.60 2.50 2.37 2.28 2.22 2.17 2.14 2.14 2.14 2.09 2.01 2.00 2.03 1.98 1.83 1.68 1.57 1.18 1.25 1.52 1.43 1.63 1.62 1.61 1.60 1.60 1.62 1.65 1.65 1.60 1.56 1.58 1.61 1.61 1.60 1.57 1.55 1.54 1.54 1.50 1.46 1.44 1.44 1.47 1.49 1.51 1.53 1.52 1.48 1.41 1.01 1.06 1.12 1.13 1.05 1.00 1.03 1.12 1.27 1.43 1.44 1.35 1.29 0.72 1.10 1.32 1.41 1.40 1.32 1.20 1.22 1.41 1.60 1.78 1.91 1.94 1.98 2.03 2.23 3.46 3.05
2.34 2.35 2.29 2.15 1.99 2.06 2.03 2.02 2.04 2.08 2.09 2.06 1.99 1.95 1.97 1.91 1.72 1.55 1.49 1.50 1.20 1.24 1.48 1.42 1.55 1.53 1.53 1.57 1.61 1.66 1.67 1.62 1.56 1.56 1.59 1.60 1.61 1.61 1.59 1.57 1.55 1.52 1.47 1.42 1.40 1.42 1.45 1.48 1.52 1.53 1.47 1.37 1.05 1.06 1.00 1.08 1.11 1.12 1.17 1.23 1.32 1.47 1.56 1.49 1.37 1.33 0.95 1.18 1.31 1.36 1.36 1.28 1.13 1.10 1.21 1.51 1.76 1.96 2.05 2.10 2.12 2.19 3.23 2.86
2.19 2.08 1.79 1.57 1.54 1.71 1.78 1.83 1.88 1.88 1.83 1.76 1.71 1.72 1.70 1.57 1.43 1.39 1.41 1.42 1.15 1.31 1.46 1.54 1.53 1.58 1.64 1.61 1.68 1.70 1.67 1.60 1.55 1.55 1.58 1.59 1.62 1.61 1.81 1.55 1.52 1.48 1.41 1.36 1.37 1.40 1.45 1.50 1.53 1.48 1.37 1.26 0.91 1.05 0.94 1.02 1.08 1.15 1.24 1.34 1.44 1.52 1.52 1.43 1.34 1.33 1.06 1.23 1.33 1.37 1.39 1.32 1.20 1.10 1.18 1.58 1.91 2.14 2.20 2.20 2.15 2.15 2.29 2.90
2.00 1.70 1.38 1.22 1.22 1.46 1.63 1.71 1.70 1.64 1.55 1.48 1.42 1.41 1.40 1.36 1.35 1.35 1.30 1.52 1.58 1.50 1.74 1.71 1.57 1.75 1.71 1.70 1.73 1.71 1.63 1.54 1.51 1.53 1.56 1.60 1.62 1.60 1.56 1.52 1.48 1.40 1.32 1.31 1.35 1.41 1.48 1.54 1.50 1.40 1.32 1.22 0.89 1.08 0.95 1.03 1.09 1.14 1.19 1.25 1.33 1.38 1.39 1.37 1.34 1.33 1.10 1.24 1.31 1.36 1.42 1.43 1.40 1.38 1.57 2.00 2.21 2.28 2.27 2.20 2.12 2.14 2.20 3.11
1.87 1.35 1.19 1.07 1.06 1.45 1.58 1.59 1.53 1.45 1.38 1.32 1.29 1.29 1.33 1.33 1.29 1.20 0.99 1.24 1.43 1.58 1.71 1.63 1.74 1.79 1.64 1.72 1.71 1.63 1.50 1.43 1.46 1.52 1.56 1.59 1.59 1.55 1.49 1.44 1.35 1.23 1.19 1.26 1.33 1.40 1.51 1.53 1.44 1.34 1.29 1.21 0.90 1.08 1.39 1.46 1.09 1.11 1.13 1.18 1.25 1.31 1.36 1.37 1.34 1.33 1.10 1.21 1.27 1.35 1.44 1.51 1.62 1.81 2.09 2.36 2.38 2.30 2.21 2.13 2.10 2.11 2.15 2.28
1.53 1.45 1.16 1.09 1.04 1.47 1.46 1.37 1.31 1.26 1.21 1.20 1.24 1.28 1.31 1.27 1.15 0.85 0.72 1.29 1.70 1.62 1.50 1.60 1.62 1.79 1.68 1.67 1.58 1.43 1.34 1.35 1.44 1.49 1.53 1.56 1.53 1.43 1.32 1.22 1.09 0.87 1.08 1.22 1.28 1.38 1.49 1.46 1.35 1.29 1.26 1.22 0.98 1.11 1.36 1.42 1.45 1.08 1.12 1.19 1.27 1.34 1.38 1.36 1.32 1.32 1.11 1.20 1.23 1.30 1.42 1.57 1.75 1.98 2.19 2.34 2.31 2.20 2.14 2.09 2.07 2.07 2.07 2.02
2.13 1.70 1.27 1.13 1.07 1.40 1.24 0.90 1.04 1.05 1.08 1.17 1.26 1.29 1.29 1.21 1.03 0.66 0.73 1.40 1.65 1.49 1.44 1.72 1.88 1.63 1.61 1.53 1.37 1.26 1.26 1.33 1.41 1.46 1.50 1.49 1.38 1.19 1.03 0.77 0.67 0.70 1.00 1.14 1.22 1.36 1.46 1.38 1.29 1.26 1.24 1.25 1.25 1.06 1.12 1.34 1.40 1.07 1.14 1.21 1.29 1.35 1.36 1.34 1.30 1.29 1.10 1.19 1.20 1.23 1.41 1.62 1.79 1.95 2.08 2.17 2.17 2.10 2.08 2.05 2.01 1.98 1.96 1.90
2.39 1.90 1.41 1.21 1.23 1.36 0.31 0.66 0.67 0.71 0.90 1.27 1.38 1.39 1.35 1.23 0.91 0.71 0.91 1.54 1.61 1.41 1.49 1.71 1.83 1.58 1.53 1.40 1.26 1.23 1.26 1.32 1.37 1.43 1.43 1.31 1.09 0.74 0.57 0.52 0.55 0.65 0.82 1.06 1.19 1.40 1.45 1.34 1.28 1.25 1.25 1.26 1.22 0.92 0.89 1.26 1.37 1.46 1.53 1.23 1.30 1.33 1.32 1.29 1.26 1.27 1.07 1.18 1.20 1.29 1.47 1.66 1.79 1.93 2.05 2.11 2.09 2.02 2.00 1.99 1.92 1.88 1.86 1.84
2.54 2.02 1.50 1.28 1.54 1.39 0.86 0.77 0.71 0.80 1.06 1.45 1.53 1.55 1.48 1.33 1.08 0.86 1.03 1.58 1.65 1.42 1.48 1.71 1.94 1.63 1.44 1.30 1.24 1.24 1.25 1.31 1.38 1.38 1.26 1.02 0.61 0.46 0.47 0.51 0.54 0.61 0.70 0.81 1.09 1.49 1.46 1.36 1.32 1.29 1.25 1.22 1.16 0.86 0.83 1.06 1.40 1.50 1.55 1.61 1.30 1.30 1.27 1.25 1.24 1.26 0.86 1.14 1.27 1.41 1.52 1.63 1.77 1.93 2.05 2.08 2.03 1.96 1.92 1.90 1.83 1.79 1.79 1.78
2.62 2.10 1.52 1.46 1.61 0.26 1.00 0.97 0.96 1.15 1.62 1.80 1.85 2.08 1.59 1.44 1.34 0.94 1.04 1.51 1.65 1.43 1.50 1.81 2.04 1.68 1.40 1.32 1.28 1.24 1.24 1.34 1.38 1.26 1.07 0.62 0.44 0.45 0.54 0.59 0.61 0.64 0.73 0.90 1.20 1.62 1.52 1.42 1.38 1.29 1.24 1.22 1.18 0.90 0.87 1.14 1.51 1.57 1.58 1.61 1.62 1.60 1.23 1.23 1.24 1.25 1.28 0.97 1.29 1.45 1.51 1.59 1.75 1.91 2.01 1.99 1.94 1.86 1.82 1.80 1.76 1.73 1.71 1.69
2.65 2.12 1.48 1.93 1.28 0.50 1.08 1.09 1.14 1.48 1.87 1.96 1.95 1.75 1.59 1.46 0.97 0.96 1.04 1.20 1.66 1.58 1.71 2.13 2.15 1.76 1.67 1.86 1.34 1.26 1.27 1.40 1.38 1.19 1.00 0.59 0.51 0.55 0.60 0.68 0.75 0.71 0.89 1.11 1.50 1.79 1.59 1.48 1.40 1.31 1.27 1.28 1.24 1.06 1.07 1.51 1.59 1.60 1.59 1.58 1.57 1.56 1.55 1.23 1.25 1.26 1.32 0.88 1.23 1.37 1.46 1.58 1.73 1.87 1.90 1.89 1.83 1.76 1.70 1.70 1.68 1.65 1.63 1.59
2.66 1.99 1.86 1.80 1.09 0.79 0.77 1.17 1.22 2.01 2.16 2.23 1.87 1.66 1.50 1.39 0.93 0.96 1.07 1.20 1.74 1.82 1.98 2.29 2.11 1.81 1.74 1.69 1.64 1.37 1.38 1.50 1.44 1.24 1.09 0.96 0.73 0.68 0.66 0.76 0.79 0.95 1.13 1.44 1.98 1.86 1.62 1.51 1.42 1.35 1.35 1.36 1.35 1.40 1.52 1.59 1.58 1.58 1.57 1.54 1.53 1.53 1.53 1.54 1.22 1.26 1.33 1.07 1.21 1.31 1.43 1.57 1.70 1.80 1.80 1.83 1.79 1.68 1.64 1.62 1.61 1.59 1.58 1.55
2.50 2.06 1.73 1.41 1.16 0.95 0.86 1.27 1.18 1.97 2.14 2.21 1.79 1.55 1.41 1.34 0.93 1.00 1.14 1.30 1.83 2.25 2.38 2.24 2.00 1.88 1.69 1.71 1.71 1.69 1.66 1.71 1.57 1.27 1.67 1.14 1.10 0.83 0.79 0.90 1.03 1.17 1.45 1.74 2.05 1.80 1.63 1.56 1.48 1.43 1.43 1.43 1.44 1.49 1.54 1.53 1.53 1.55 1.53 1.49 1.48 1.50 1.51 1.51 1.50 1.17 1.22 1.25 1.26 1.32 1.41 1.53 1.66 1.75 1.78 1.76 1.71 1.68 1.59 1.58 1.56 1.55 1.54 1.53
3.02 3.00 1.54 1.28 1.24 1.01 1.29 1.31 1.08 1.69 2.18 2.27 2.08 1.64 1.54 1.37 1.04 1.16 1.27 1.38 2.04 2.35 2.36 2.05 1.87 1.79 1.65 1.71 1.73 1.71 1.65 1.63 1.35 1.44 1.48 1.18 1.21 1.00 0.97 1.07 1.19 1.40 1.72 2.24 1.98 1.76 1.67 1.62 1.54 1.48 1.48 1.46 1.44 1.45 1.45 1.45 1.49 1.51 1.47 1.44 1.45 1.47 1.48 1.45 1.44 1.12 1.20 1.27 1.31 1.34 1.38 1.48 1.62 1.69 1.71 1.66 1.64 1.60 1.57 1.50 1.50 1.49 1.50 1.50
2.26 2.32 1.89 1.63 1.35 1.05 1.34 1.26 1.15 1.37 2.22 2.27 2.20 2.09 1.89 1.57 1.44 1.36 1.40 1.43 2.11 2.36 2.20 2.01 1.92 1.87 1.86 1.86 1.65 1.65 1.57 1.60 1.81 1.47 1.47 1.52 1.30 1.00 1.09 1.19 1.36 1.67 2.23 2.16 1.90 1.74 1.65 1.57 1.49 1.45 1.44 1.41 1.38 1.37 1.38 1.42 1.45 1.45 1.41 1.39 1.41 1.44 1.42 1.39 1.38 1.06 1.18 1.28 1.32 1.34 1.37 1.44 1.54 1.62 1.60 1.54 1.53 1.53 1.48 1.47 1.41 1.42 1.43 1.42
1.63 1.84 1.98 1.82 1.46 1.01 1.42 1.48 1.53 1.64 2.35 2.15 2.19 2.25 2.18 1.84 1.86 1.64 1.44 1.42 1.71 2.37 2.20 2.06 2.01 1.94 1.90 1.79 1.76 1.54 1.50 1.63 1.81 1.49 1.69 1.78 1.36 1.04 1.17 1.34 1.62 2.20 2.04 1.99 1.73 1.57 1.47 1.41 1.36 1.35 1.36 1.32 1.29 1.31 1.34 1.38 1.39 1.37 1.35 1.35 1.37 1.37 1.35 1.33 1.33 1.01 1.08 1.21 1.27 1.31 1.34 1.41 1.49 1.52 1.50 1.48 1.47 1.45 1.43 1.39 1.39 1.34 1.34 1.34
1.47 1.67 1.92 1.91 1.69 1.62 1.77 1.87 1.92 1.88 2.76 2.19 2.24 2.42 2.39 2.05 2.00 1.94 1.48 1.44 1.64 2.35 2.15 2.07 2.02 1.94 1.95 1.83 1.76 1.68 1.71 1.82 1.62 1.63 1.64 1.75 1.37 1.25 1.28 1.49 1.94 2.19 2.00 1.70 1.44 1.28 1.22 1.22 1.21 1.23 1.24 1.21 1.22 1.26 1.29 1.31 1.31 1.30 1.29 1.30 1.30 1.30 1.29 1.27 1.28 0.97 1.00 1.05 1.17 1.25 1.31 1.38 1.45 1.48 1.46 1.43 1.41 1.39 1.36 1.33 1.33 1.27 1.29 1.28
1.37 1.54 1.84 1.95 1.99 1.99 1.99 1.98 1.94 1.87 2.84 2.45 2.19 2.17 2.11 2.02 2.58 1.93 1.58 1.51 1.81 2.28 2.11 2.11 2.08 2.00 1.96 1.92 1.85 1.77 1.76 1.77 0.74 0.78 1.53 1.78 1.49 1.59 1.46 1.74 2.05 2.00 1.69 1.39 1.17 1.08 1.09 1.11 1.11 1.13 1.14 1.13 1.16 1.21 1.24 1.25 1.24 1.23 1.24 1.24 1.25 1.25 1.24 1.23 1.24 0.91 0.93 0.96 1.04 1.17 1.26 1.35 1.43 1.43 1.40 1.37 1.35 1.33 1.30 1.23 1.28 1.28 1.24 1.23
1.29 1.42 1.63 1.83 1.95 1.99 1.94 1.86 1.78 1.72 1.84 2.41 2.46 2.12 2.06 1.99 1.95 2.49 1.47 1.51 2.31 2.17 2.09 2.16 2.12 2.08 2.05 1.98 1.88 1.76 1.75 0.86 0.82 0.97 1.68 1.77 1.74 1.73 1.77 2.17 1.84 1.76 1.41 1.16 1.02 1.03 1.10 1.10 1.09 1.10 1.09 1.09 1.12 1.16 1.19 1.19 1.17 1.18 1.19 1.20 1.20 1.20 1.19 1.18 1.18 1.19 0.85 0.90 0.95 1.07 1.19 1.28 1.37 1.37 1.33 1.29 1.28 1.25 1.24 1.24 1.25 1.25 1.19 1.16
1.59 1.59 1.50 1.65 1.75 1.79 1.77 1.73 1.69 1.65 1.59 2.42 2.29 2.36 1.89 1.91 1.89 1.78 1.33 1.41 2.31 2.13 2.05 2.11 2.12 2.10 2.06 1.97 1.79 1.60 1.66 0.89 0.96 1.15 1.97 1.95 2.16 2.09 2.22 2.02 1.64 1.49 1.20 1.03 0.99 1.06 1.11 1.09 1.08 1.07 1.06 1.05 1.09 1.13 1.14 1.11 1.11 1.12 1.14 1.15 1.14 1.13 1.13 1.12 1.13 1.14 1.15 0.86 0.91 0.94 1.04 1.15 1.26 1.27 1.21 1.19 1.18 1.17 1.17 1.21 1.23 1.23 1.18 1.15
1.46 1.55 1.50 1.58 1.61 1.59 1.58 1.58 1.58 1.57 1.55 2.58 2.59 2.05 1.86 1.80 1.67 1.17 1.20 1.45 2.51 2.11 2.09 2.15 2.12 2.06 2.07 1.85 1.55 0.96 1.51 1.02 1.09 1.33 2.24 2.17 2.02 2.05 2.18 1.83 1.63 1.26 1.05 0.96 0.99 1.07 1.07 1.06 1.06 1.04 1.02 1.03 1.06 1.06 1.03 1.03 1.04 1.07 1.09 1.10 1.08 1.07 1.07 1.07 1.09 1.10 1.12 0.74 0.84 0.86 0.89 0.96 1.05 1.01 1.00 1.03 1.04 1.06 1.11 1.19 1.22 1.19 1.16 1.09
1.45 1.56 1.45 1.47 1.45 1.43 1.43 1.44 1.45 1.48 1.50 1.56 2.66 2.07 1.86 1.70 1.48 1.04 1.29 1.68 2.24 1.86 1.67 1.94 2.07 1.92 1.91 1.67 0.79 0.83 1.00 1.11 1.29 2.14 2.38 2.13 1.96 2.11 2.00 1.60 1.36 1.08 0.94 0.91 1.00 1.05 1.04 1.04 1.03 1.01 1.00 1.01 1.00 0.95 0.94 0.99 1.03 1.04 1.06 1.05 1.03 1.01 1.01 1.02 1.03 1.05 0.84 0.85 0.74 0.79 0.83 0.57 0.45 0.50 0.59 0.77 0.88 0.97 1.06 1.16 1.18 1.15 1.12 1.05
1.56 1.58 1.38 1.36 1.35 1.36 1.37 1.37 1.38 1.40 1.42 1.43 2.39 1.98 1.79 1.62 1.46 1.17 1.55 2.49 1.91 1.65 1.47 1.37 1.87 1.78 1.69 0.66 0.71 0.96 1.21 1.46 2.25 2.51 2.21 1.85 1.84 2.05 1.70 1.35 1.16 0.98 0.91 0.93 1.02 1.03 1.01 1.01 1.00 0.98 0.98 0.98 0.92 0.67 0.71 1.02 1.03 1.03 1.02 0.99 0.96 0.93 0.93 0.96 0.99 1.01 0.80 0.81 0.65 0.71 0.44 0.29 0.22 0.18 0.23 0.37 0.74 0.91 0.99 1.07 1.12 1.13 1.08 0.95
1.70 1.59 1.39 1.39 1.40 1.40 1.37 1.35 1.35 1.36 1.37 1.39 1.41 2.11 1.71 1.57 1.17 1.31 2.47 1.86 1.61 1.43 1.32 0.97 0.90 0.33 0.72 0.77 1.05 1.50 2.02 2.74 2.60 2.10 1.70 1.61 1.77 1.93 1.52 1.17 1.00 0.92 0.93 0.98 1.03 1.00 0.98 0.97 0.97 0.96 0.95 0.95 0.67 0.67 0.74 1.00 1.01 1.00 0.97 0.92 0.86 0.82 0.83 0.92 0.96 0.96 0.96 0.97 0.80 0.50 0.12 0.13 0.24 0.27 0.19 0.94 0.46 0.81 0.91 0.96 1.03 1.04 0.95 0.86
1.71 1.61 1.68 1.39 1.42 1.44 1.41 1.37 1.35 1.34 1.34 1.34 1.32 2.27 1.98 1.40 1.09 1.46 2.22 1.81 1.50 1.39 0.97 0.86 0.86 0.84 0.87 1.12 1.63 2.54 2.50 2.11 1.83 1.59 1.49 1.69 1.69 1.92 1.51 1.20 0.97 0.87 0.94 0.99 1.00 0.97 0.94 0.94 0.94 0.92 0.92 0.67 0.63 0.66 0.73 0.80 0.98 0.97 0.90 0.84 0.80 0.58 0.62 0.91 0.95 0.93 0.91 0.93 0.76 0.78 0.23 0.27 0.39 0.90 0.30 0.11 0.29 0.63 0.81 0.84 0.87 0.85 0.84 0.89
1.66 1.52 1.55 1.54 1.24 1.29 1.32 1.31 1.30 1.29 1.28 1.27 1.25 1.35 2.08 1.28 1.29 1.60 2.17 1.61 1.48 1.38 0.95 0.82 0.80 0.88 1.05 1.47 2.11 1.96 1.74 1.57 1.46 1.43 1.57 1.91 1.84 1.89 1.52 1.26 0.97 0.87 0.96 0.97 0.94 0.92 0.90 0.90 0.91 0.89 0.85 0.59 0.57 0.63 0.70 0.74 0.96 0.93 0.85 0.81 0.80 0.59 0.63 0.76 0.94 0.91 0.88 0.89 0.92 0.74 0.77 0.28 0.85 0.81 0.81 0.13 0.29 0.19 0.62 0.70 0.76 0.81 0.89 0.98
1.58 1.41 1.39 1.33 1.28 1.01 1.04 1.08 1.12 1.17 1.20 1.21 1.21 1.22 1.50 2.24 1.61 2.13 2.16 1.58 1.42 1.32 0.93 0.88 0.89 1.01 1.27 1.61 2.18 1.72 1.61 1.49 1.38 1.43 1.61 1.77 1.30 1.08 1.31 1.34 1.03 1.11 1.02 0.97 0.91 0.88 0.88 0.91 0.90 0.85 0.59 0.56 0.57 0.65 0.70 0.73 0.92 0.88 0.84 0.82 0.80 0.60 0.62 0.71 0.93 0.90 0.85 0.85 0.88 0.90 0.77 0.18 0.35 0.78 0.80 0.36 0.19 0.43 0.27 0.52 0.68 0.78 0.91 1.02
1.51 1.36 1.34 1.25 1.15 1.06 0.80 0.86 0.96 1.06 1.13 1.16 1.15 1.20 1.53 2.29 1.89 2.42 1.77 1.43 1.28 1.24 0.90 0.88 0.94 1.08 1.36 1.92 1.91 1.64 1.55 1.45 1.31 1.27 1.18 1.33 1.25 1.10 0.86 1.33 1.44 1.41 1.18 0.97 0.91 0.88 0.92 0.94 0.89 0.83 0.60 0.59 0.64 0.70 0.71 0.71 1.05 0.86 0.84 0.82 0.80 0.61 0.63 0.69 0.89 0.87 0.81 0.82 0.86 0.88 0.91 0.76 0.73 0.74 0.77 0.80 0.41 0.36 0.13 0.37 0.58 0.82 0.93 0.98
1.37 1.28 1.33 1.20 1.08 0.95 0.89 0.82 0.92 1.02 1.10 1.12 1.14 1.33 1.40 1.41 1.43 1.85 1.68 1.35 1.24 0.90 0.86 0.88 0.97 1.13 1.43 2.28 1.75 1.54 1.40 1.27 1.25 1.22 1.15 1.10 1.01 0.90 0.77 1.30 1.48 1.39 1.08 1.08 0.89 0.93 0.99 0.97 0.88 0.81 0.73 0.63 0.67 0.70 0.70 0.73 1.04 1.02 0.83 0.81 0.80 0.64 0.65 0.67 0.94 0.83 0.78 0.79 0.83 0.86 0.86 0.86 0.71 0.71 0.72 0.74 0.75 0.41 0.35 0.11 0.52 0.79 0.93 0.96
1.36 1.33 1.45 1.17 1.02 0.97 0.88 0.81 0.89 1.00 1.10 1.13 1.28 1.36 1.25 1.30 1.37 1.48 1.48 1.65 1.36 1.22 0.89 0.95 1.07 1.22 1.54 2.01 1.55 1.38 1.24 1.22 1.08 1.04 0.99 0.97 0.91 0.84 1.15 1.30 1.40 1.34 1.26 0.99 1.10 1.00 1.02 0.94 0.85 0.78 0.78 0.64 0.64 0.67 0.66 0.69 1.00 0.95 0.81 0.79 0.77 0.61 0.62 0.62 0.65 0.90 0.74 0.75 0.79 0.82 0.82 0.83 0.70 0.69 0.69 0.71 0.74 0.77 0.38 0.31 0.83 0.73 0.87 0.93
1.50 1.41 1.42 1.05 0.97 0.92 0.84 0.75 0.82 0.97 1.12 1.17 1.33 1.26 1.24 1.26 1.19 1.33 1.33 1.34 1.32 1.26 1.25 1.23 1.21 1.34 1.65 1.69 1.34 1.18 1.08 1.10 0.96 0.95 0.92 0.90 0.86 0.82 0.79 0.80 1.32 1.32 1.28 1.19 1.08 1.00 0.93 0.84 1.04 0.67 0.73 0.75 0.60 0.62 0.60 0.62 0.98 0.79 0.78 0.74 0.70 0.68 0.56 0.56 0.57 0.89 0.78 0.82 0.73 0.76 0.77 0.77 0.79 0.64 0.66 0.70 0.73 0.75 0.37 0.36 0.35 0.48 0.83 0.90
