smrf/tests/basins/Lakes/input/data20191001/wind_ninja_data/topo_windninja_topo_10-01-2019_1500_50m_ang.asc
ncols	157
nrows	169
xllcorner	319975.000000
yllcorner	4158275.000000
cellsize	50.000000
NODATA_value	-9999.000000
[rows 46 to 91 of 169, columns 0 to 95 of 157]
357 359 2 3 3 2 356 352 349 345 343 342 343 342 339 337 339 340 338 336 354 356 336 351 332 332 330 329 329 329 329 331 332 332 332 331 331 331 331 332 331 330 329 328 326 324 324 324 325 327 332 337 348 351 349 343 342 345 347 346 342 334 329 331 338 341 10 3 358 360 8 13 5 357 334 316 311 312 317 323 327 323 328 344 350 350 344 332 330 337 344 347 345 342 340 336
354 360 9 8 4 2 356 350 347 344 341 340 341 340 336 336 339 339 337 334 353 354 353 351 350 349 348 346 328 329 330 331 332 331 330 330 330 331 344 332 332 331 331 329 327 324 323 323 324 326 331 337 349 347 345 340 340 342 344 344 340 335 331 333 339 340 5 2 359 2 13 18 11 4 339 321 316 315 317 321 326 326 320 342 348 345 336 327 331 340 347 348 346 343 341 328
359 8 20 15 5 358 353 348 346 343 339 337 337 334 332 334 337 338 336 2 2 346 360 360 349 356 346 327 328 329 331 332 331 330 329 329 329 331 332 332 333 333 332 329 327 324 322 322 324 327 330 336 348 345 343 338 337 338 339 339 337 333 331 333 338 341 4 0 359 4 14 17 10 4 344 329 323 318 318 320 325 326 324 341 346 343 333 330 339 347 351 349 345 343 339 333
13 24 28 23 6 352 350 347 345 344 339 336 334 331 329 331 334 336 335 330 326 344 1 357 356 353 342 327 328 330 331 332 329 328 327 327 328 330 332 332 333 334 331 327 325 323 321 322 325 327 329 334 344 343 336 333 336 336 336 335 334 331 331 333 338 341 4 360 359 4 13 13 4 357 342 330 325 321 318 319 323 324 324 327 346 342 336 338 347 353 354 350 346 345 340 339
55 37 30 24 5 348 348 347 345 343 339 333 330 329 327 328 333 334 327 324 355 359 343 340 325 352 325 326 327 329 330 329 326 325 325 325 327 330 331 330 331 331 327 324 322 320 318 321 325 327 328 332 339 340 336 332 331 334 334 333 332 331 331 333 337 340 4 359 360 5 12 10 359 350 336 325 323 322 319 319 322 322 323 327 332 333 340 346 353 355 353 349 347 347 345 341
50 43 31 24 4 350 349 348 342 340 336 330 327 327 326 328 333 332 321 320 355 341 324 336 352 324 324 324 325 326 326 325 323 322 322 323 325 328 328 325 325 324 320 318 317 315 316 320 324 326 328 330 333 338 336 330 329 332 332 331 330 330 330 332 337 339 4 0 1 5 8 5 355 347 341 328 321 321 320 319 321 321 321 325 330 333 338 354 356 355 352 349 348 349 347 342
54 46 33 23 4 355 156 356 340 331 328 328 327 327 328 330 334 332 321 321 339 325 322 334 351 322 323 324 324 323 322 321 320 319 319 320 322 323 321 316 317 315 309 310 311 312 314 319 322 325 327 328 331 337 336 328 326 326 327 329 328 329 330 332 336 338 6 1 1 1 5 2 353 345 340 328 320 321 320 318 319 321 321 323 327 330 329 351 355 353 350 350 351 351 348 345
56 49 34 22 3 2 6 4 349 331 326 326 327 330 333 335 337 332 321 321 338 325 320 331 348 339 324 323 323 322 319 317 317 317 317 317 315 315 315 314 314 309 299 295 301 309 314 319 322 325 327 327 330 337 335 327 324 324 326 326 327 328 329 331 334 337 14 1 356 357 1 360 352 344 339 329 326 320 319 318 318 320 321 322 324 327 329 329 340 348 349 351 353 354 352 345
57 50 35 17 6 65 8 4 354 338 333 332 336 355 338 341 340 333 320 320 335 323 320 329 347 341 326 324 323 322 318 315 316 317 316 311 314 316 318 319 319 311 300 298 300 309 316 320 323 326 327 327 331 337 334 326 323 324 325 325 325 325 329 330 333 335 334 1 354 355 359 357 349 337 338 328 326 319 319 318 318 319 320 321 324 326 327 330 333 335 345 349 352 352 349 340
57 52 32 12 19 78 8 2 352 340 336 334 338 335 341 343 342 335 322 316 329 325 323 337 350 343 344 353 327 324 319 316 317 320 321 319 322 323 323 325 324 316 311 308 309 314 319 322 324 328 328 329 332 337 334 327 325 324 325 325 324 325 326 329 331 334 334 352 353 355 356 354 348 343 333 328 327 326 318 317 317 318 319 321 324 326 327 328 331 335 338 342 349 350 347 342
62 55 17 9 23 64 40 359 349 345 343 344 338 337 342 343 342 335 323 317 326 326 327 341 350 346 348 347 343 328 323 320 323 328 329 331 331 330 330 330 326 322 318 315 317 320 323 324 326 329 329 330 334 335 332 329 326 325 324 325 324 324 325 326 330 332 331 352 353 355 354 352 346 341 333 336 336 328 327 318 317 318 319 321 324 326 327 327 329 332 336 341 348 354 350 349
63 38 11 18 31 57 33 359 350 346 343 345 338 336 340 342 341 334 324 319 324 334 339 348 356 1 351 348 344 340 333 335 346 333 355 335 335 336 335 331 327 324 320 318 321 325 327 327 329 331 330 332 334 334 332 329 327 325 325 325 324 324 324 325 326 343 347 349 352 353 352 350 345 341 339 339 337 337 328 326 317 318 319 320 323 326 327 327 328 330 332 336 343 349 348 356
35 31 21 19 32 47 6 3 354 339 343 347 352 343 342 339 339 334 327 321 327 338 349 354 360 2 349 347 345 341 336 337 326 352 352 334 336 339 337 332 328 323 319 331 324 329 330 330 332 333 332 332 333 332 331 329 327 325 325 325 324 323 323 324 325 339 343 347 349 350 349 347 344 341 340 339 339 337 337 327 325 317 318 319 322 325 326 326 327 328 330 332 336 341 343 344
24 23 28 25 28 37 6 9 356 334 345 349 352 350 344 338 338 335 331 324 329 341 349 355 358 358 356 355 346 341 336 335 351 348 349 343 334 339 336 332 327 322 321 323 328 332 332 333 334 334 332 332 333 331 330 329 326 325 325 325 324 323 323 323 324 335 339 344 347 348 347 345 342 341 340 339 339 340 338 337 326 324 316 317 320 323 324 325 325 325 327 329 332 335 339 334
25 31 32 30 28 35 6 5 354 342 350 348 350 348 344 338 339 338 334 327 322 344 352 356 356 357 358 355 351 338 333 335 353 351 352 348 333 336 333 330 325 323 335 327 331 333 332 333 334 334 332 332 332 330 329 328 326 325 325 324 323 322 322 322 322 332 334 339 345 347 345 343 341 340 340 342 342 340 341 339 339 326 314 315 318 321 322 322 323 324 324 326 328 331 336 341
18 27 32 31 25 9 2 358 353 348 357 347 348 347 345 341 341 340 339 331 324 348 357 0 357 357 359 352 348 341 338 347 354 352 345 346 329 331 329 326 322 323 325 329 332 332 330 330 331 331 330 331 331 329 327 326 325 324 324 323 322 321 321 321 321 330 329 335 341 345 345 342 340 340 341 341 342 343 342 341 340 329 326 325 317 321 321 321 322 323 323 324 327 331 335 340
11 20 28 24 15 6 358 354 351 350 356 357 334 337 339 340 359 341 342 335 327 354 0 2 356 355 353 350 350 344 344 352 329 323 333 339 324 328 327 322 332 323 327 331 333 332 327 327 328 328 328 329 328 327 326 325 325 324 323 322 321 321 321 321 321 328 328 329 336 341 343 341 340 339 340 342 343 344 343 336 345 342 329 327 316 319 319 319 320 322 322 323 327 331 336 340
7 17 21 15 8 2 356 353 351 350 348 5 5 338 340 341 341 353 344 336 333 358 2 3 356 355 353 352 351 345 347 330 331 323 329 328 326 330 328 332 334 325 329 332 335 331 327 327 327 326 327 327 326 324 324 324 324 323 322 321 321 320 320 320 319 318 326 327 329 334 339 340 339 339 341 342 344 345 346 348 346 343 332 330 329 317 317 316 317 319 320 322 326 331 336 338
32 33 13 8 3 359 356 352 350 350 349 4 5 2 338 339 341 343 343 333 334 359 4 3 356 354 354 354 350 342 344 331 329 321 331 330 353 354 344 335 339 330 333 334 334 330 327 328 327 326 326 326 324 323 322 323 322 321 321 320 320 319 319 319 318 317 317 325 326 327 332 336 337 339 342 343 344 347 347 348 346 346 345 345 331 328 314 313 313 315 317 321 326 331 334 336
32 30 6 3 0 357 355 351 349 349 349 354 5 349 336 338 341 347 340 329 342 1 6 4 356 354 359 356 345 329 336 328 325 320 335 345 359 354 347 340 329 334 335 336 332 328 327 327 327 327 326 325 323 321 320 319 320 319 319 319 319 318 318 317 317 316 316 322 325 324 321 326 331 337 343 345 347 348 347 347 348 348 350 347 348 332 329 315 314 313 315 320 326 330 332 333
27 24 1 0 359 356 354 349 347 347 347 346 5 352 338 339 342 345 333 327 357 9 342 10 360 354 1 355 335 324 322 323 322 331 341 356 3 352 351 344 334 337 336 334 329 327 327 327 327 327 326 325 323 321 318 316 317 318 317 318 318 317 316 315 315 314 314 316 324 323 321 308 313 320 338 347 348 349 348 348 349 350 353 356 356 1 335 319 319 316 315 320 326 330 331 331
17 19 359 359 359 355 352 349 345 344 345 344 346 353 341 343 343 340 328 349 331 335 341 347 352 349 354 339 329 319 320 323 333 342 357 10 9 353 360 350 339 338 335 331 327 326 327 326 326 327 327 325 325 324 318 316 317 318 317 317 317 316 314 312 312 313 312 315 321 325 320 290 278 271 302 359 347 351 349 348 350 352 358 4 6 6 341 326 323 319 317 321 327 330 330 330
7 12 357 358 358 354 352 349 344 342 342 343 341 358 341 346 348 334 341 353 331 334 339 347 344 310 342 337 324 323 328 346 353 1 11 22 6 350 3 354 342 338 334 330 326 326 326 326 326 326 326 325 328 327 320 317 317 318 318 317 315 313 310 308 310 311 311 313 316 325 335 206 234 257 274 319 359 350 350 350 352 358 6 11 5 359 339 328 325 322 320 323 329 332 331 331
358 4 8 354 354 353 352 349 344 340 340 340 341 356 15 345 345 329 354 356 331 333 341 344 345 343 343 330 323 339 359 6 8 12 23 20 350 349 4 13 9 335 331 329 327 327 326 325 324 326 326 327 329 325 318 316 316 318 320 317 315 313 307 306 308 310 310 312 314 316 188 184 228 321 248 270 311 349 352 350 353 3 13 10 0 353 335 323 323 323 322 325 331 333 333 331
356 358 2 4 349 348 349 348 344 339 337 338 340 338 13 339 335 324 355 329 332 335 342 344 345 340 333 322 321 2 12 14 15 21 23 4 348 0 12 16 3 329 326 328 327 326 326 323 323 324 325 327 327 321 317 316 316 318 320 319 318 318 311 305 307 310 310 311 313 315 315 182 315 319 321 251 279 271 360 351 353 5 10 5 358 351 332 319 320 321 321 325 332 334 333 331
359 359 1 3 4 343 343 344 341 337 334 335 338 341 338 3 343 344 354 330 334 335 343 346 344 336 325 319 349 5 15 17 20 24 20 9 15 20 29 25 357 345 326 330 329 326 325 323 323 325 328 330 326 321 317 315 315 317 320 321 320 322 316 307 307 311 312 312 312 315 316 172 216 320 321 228 264 278 358 18 21 5 7 6 359 340 332 327 317 319 320 323 329 333 333 332
5 4 5 8 8 7 340 339 336 332 330 331 334 338 336 357 344 357 343 330 332 333 341 344 340 329 320 317 356 8 16 19 22 26 24 338 337 339 44 33 7 358 351 333 331 327 324 325 326 327 331 333 328 323 320 318 325 316 320 322 323 326 321 312 308 310 313 313 313 315 315 313 315 318 320 320 212 275 204 27 18 34 27 5 358 350 330 327 326 317 318 319 323 329 332 334
10 5 6 11 14 14 9 335 332 328 326 327 330 331 317 319 321 1 350 330 328 333 338 338 334 326 315 339 1 12 20 23 339 338 338 336 336 340 46 21 5 9 356 358 332 328 326 328 330 329 330 333 327 323 322 321 329 334 318 322 324 328 324 316 319 308 311 314 315 316 317 316 316 317 319 319 321 278 223 16 27 30 24 2 356 349 333 340 327 315 316 316 318 322 328 334
8 5 6 13 17 20 11 333 328 324 322 323 326 316 308 312 324 334 337 350 333 332 334 332 330 324 315 350 6 17 24 335 340 338 337 335 336 341 26 351 3 13 11 354 349 328 329 331 333 332 330 331 326 321 321 321 330 337 316 320 323 327 324 318 311 334 310 313 315 317 319 319 319 320 320 320 321 324 252 223 325 24 6 0 354 350 334 332 329 328 328 329 329 320 324 330
5 5 9 18 21 20 12 333 325 319 317 320 303 312 312 315 326 328 332 335 337 335 330 329 329 323 316 358 12 11 14 335 342 337 336 333 335 341 342 335 4 9 6 360 344 328 331 332 345 335 330 327 327 321 319 319 328 314 315 317 320 321 322 318 311 318 338 342 313 316 320 320 320 321 321 320 322 324 255 266 252 26 9 2 345 351 337 335 334 345 346 333 334 334 335 338
8 11 20 28 25 24 15 335 325 317 314 315 305 318 320 312 320 323 325 327 344 330 330 330 330 327 346 356 9 11 19 337 336 336 335 333 334 340 348 337 6 6 354 355 343 331 335 331 345 335 331 326 326 321 318 317 325 313 313 315 318 318 318 318 312 305 332 342 343 314 320 322 321 322 322 320 322 323 286 299 305 324 6 359 357 353 350 350 352 354 359 0 359 358 339 338
19 25 37 43 36 29 18 337 325 317 313 313 300 315 317 318 318 319 321 322 321 321 324 329 3 328 352 3 16 22 26 340 337 335 335 334 333 338 351 340 358 351 321 356 12 336 336 329 329 330 331 324 323 322 319 315 332 313 312 313 316 316 316 317 313 306 302 337 343 312 318 323 324 323 323 322 322 324 324 306 325 324 27 4 1 356 354 359 10 23 31 24 10 3 0 1
39 41 48 50 39 347 18 336 324 315 312 299 312 312 314 315 314 315 316 316 313 310 356 6 345 325 324 8 20 23 34 342 337 334 334 333 333 335 348 341 328 327 318 0 344 334 334 328 328 329 331 323 321 324 320 331 313 313 311 311 314 324 312 314 314 306 300 318 338 345 315 322 324 324 324 323 323 324 325 325 42 258 275 49 29 4 358 10 34 36 35 29 24 12 6 2
58 55 56 19 31 344 335 332 321 313 310 310 309 310 313 315 315 313 313 312 309 303 350 314 360 320 306 10 20 25 37 344 334 331 333 333 332 332 342 340 333 327 316 357 11 356 332 328 329 330 332 325 338 323 323 337 313 331 309 308 313 313 315 309 314 308 301 300 332 344 313 319 324 325 324 324 324 324 325 328 91 71 260 100 37 22 17 27 31 29 28 25 22 19 12 3
52 43 29 11 349 342 334 329 319 312 309 309 308 309 313 316 315 313 310 309 306 299 301 8 13 301 314 357 23 24 35 344 333 332 334 335 333 330 340 339 333 325 314 348 7 350 357 328 330 331 333 325 323 324 324 321 315 312 308 309 313 319 308 305 308 311 303 301 312 339 310 317 323 325 326 326 325 326 327 331 265 61 68 78 47 33 41 39 30 23 20 20 12 14 8 2
50 24 18 348 346 333 331 326 317 312 310 308 307 308 312 315 312 310 308 307 303 296 339 2 10 336 283 314 360 23 335 337 335 334 337 337 333 3 2 337 335 324 313 339 5 13 351 353 331 332 328 325 325 326 326 328 323 315 310 310 313 314 310 305 306 310 308 303 302 330 346 315 321 325 326 327 327 328 329 332 275 189 104 69 42 32 31 40 36 23 13 8 5 0 1 1
33 23 1 346 339 333 329 324 317 312 309 307 306 308 312 313 309 306 304 303 300 295 301 360 8 10 356 340 357 318 333 335 332 345 352 354 60 68 70 357 333 325 311 302 355 6 11 353 332 333 328 324 325 327 328 333 324 315 311 311 311 313 311 304 303 309 311 306 304 305 343 355 320 325 328 328 328 330 331 331 331 264 228 181 52 32 27 31 32 26 15 7 2 2 1 360
27 17 356 344 339 332 327 324 317 309 307 305 305 306 310 309 354 302 299 298 296 291 291 338 5 2 351 352 351 319 330 328 338 344 352 353 73 71 75 70 343 325 311 296 337 2 17 356 359 1 329 325 326 328 330 336 325 314 309 309 307 311 311 303 301 306 311 309 306 306 340 358 320 325 329 331 330 331 332 332 332 284 276 275 119 49 34 31 30 26 18 14 8 5 2 0
17 4 348 340 336 330 324 321 313 307 305 304 303 303 311 357 355 296 295 293 291 287 284 315 350 354 343 350 353 320 327 325 337 346 351 317 98 77 348 72 335 322 316 301 341 8 27 31 5 338 333 328 328 330 331 329 324 313 307 306 303 308 310 301 300 302 300 310 308 307 311 359 321 326 330 333 333 333 334 334 334 284 282 282 207 88 56 44 33 28 23 18 13 5 0 360
356 349 340 335 330 323 320 317 309 304 303 301 299 300 311 1 298 292 290 289 287 285 283 284 342 347 343 352 357 320 325 325 342 351 352 345 13 82 74 349 62 321 317 303 359 24 41 47 17 26 336 329 328 330 330 327 327 316 313 311 306 304 304 300 300 299 298 313 312 308 313 354 322 329 332 335 336 337 337 337 280 338 339 284 270 49 80 88 44 30 28 22 14 3 1 4
333 330 327 324 323 321 318 314 307 303 301 298 297 297 351 3 297 350 287 286 284 283 282 284 329 346 340 355 3 318 321 323 346 354 353 20 5 81 79 347 323 322 314 304 14 38 56 64 28 341 336 328 326 327 328 338 330 321 315 311 308 302 299 296 299 300 303 313 314 311 316 343 9 331 335 337 340 342 343 340 340 272 277 280 257 104 336 96 123 70 47 34 20 9 10 14
322 322 322 319 322 325 318 313 307 304 300 298 296 309 2 13 297 290 287 286 284 283 282 282 332 333 333 328 306 315 317 330 344 352 348 14 360 344 75 343 323 321 313 304 59 63 71 26 42 340 335 326 325 326 342 342 333 324 317 309 307 306 297 293 297 300 306 317 318 319 324 357 6 13 339 342 344 348 350 346 343 272 276 273 251 142 126 121 139 127 101 326 50 22 24 25
314 317 318 322 328 329 317 312 309 304 300 298 296 354 15 27 297 347 288 287 285 283 282 282 286 329 331 328 305 313 315 329 341 346 339 332 350 343 321 338 319 318 309 299 115 93 88 42 51 337 332 325 325 343 345 349 338 327 322 311 306 310 308 315 287 286 308 320 324 328 4 19 8 341 346 350 350 355 357 352 348 270 274 270 226 154 169 180 172 143 108 120 215 192 36 28
311 314 323 320 324 324 315 310 307 303 299 296 344 9 27 39 26 340 288 287 286 284 283 284 288 322 330 325 12 312 315 318 343 340 332 329 327 348 323 321 319 317 302 247 124 105 93 48 335 334 331 325 326 348 352 356 338 327 325 314 304 307 325 332 271 269 300 321 330 337 37 351 352 14 358 0 358 1 4 359 356 1 278 266 193 145 153 347 344 247 128 80 174 272 223 67
309 315 321 318 319 318 312 307 304 301 297 314 7 25 31 41 22 331 288 288 287 285 284 284 286 300 328 0 18 312 314 316 319 334 325 326 328 353 337 316 318 313 296 187 119 102 82 40 47 335 331 325 328 354 6 3 335 326 326 314 301 298 5 337 196 287 284 318 335 36 16 13 9 8 13 13 8 9 11 8 5 10 273 240 172 135 135 1 355 347 226 144 139 307 263 172
309 313 318 316 314 312 308 303 300 297 354 12 38 34 35 43 17 325 289 288 287 286 284 283 284 319 333 358 12 312 313 312 313 325 319 321 325 349 316 311 314 308 290 141 99 81 71 36 337 337 331 328 334 1 12 178 119 327 324 311 294 260 301 283 265 254 234 180 38 60 56 43 35 30 28 24 19 19 20 18 14 18 17 193 172 132 111 101 8 360 348 254 151 143 192 155
